0
0
26.30532074
0
0
0
0
0
0
0
0
0
0
0
0
0
0
0
0
0
0
0
0
0
0
0
0
0
0
0
0
6.043338776
0.126072675
0.150523797
0.124982104
0.170808867
12.3581686
17.60391617
21.34515572
0
0
0
0
0
0
0
0
0
0
0
0
0
0
0
0
0
0
0
0
0
0
0
0
0
0
0
0
0
0
0
0
0
0
0
0
0
0
0
0
0
0
0
0
0
0
0
0
0
0
0
0
0
0
0
0
0.591149926
0
0
0
0
0
0
0
0
0
0
0
0
0
0
0
0
0
0
0
0
0
0
0
0
2.845530987
7.095123768
0
1.878088832
0
0
27.77159691
0
0
0
0
0
0.204107985
0
1.878088832
0
0
0
0
0
0
0
0
0.840541184
0
0
0
0
0.455967933
0
0
0
0
0
0
0
1.321592331
10.43524075
0.343122661
19.18544006
5.739342213
1.557463408
34.61029816
1.408698678
19.09320259
14.92751884
0
0
0
0.16171743
6.637558937
1.110208988
0.177633435
1.062009454
0
0
0
0
3.817010403
22.82682228
64.97585297
23.10604477
8.359602928
8.017115593
8.257689476
19.40372276
18.85818863
16.05805779
10.70422077
2.747326374
5.599542618
1.25244379
9.320061684
6.876770973
18.77911377
6.837065697
4.77434206
0.58686012
0
13.51605034
0.530968726
2.510087967
0.628778756
1.038891912
1.006045938
0
0
1.633970261
18.84228325
0
8.631244659
5.295938015
1.306323767
22.92044449
21.91505241
47.39862442
11.44370461
4.28440094
1.187016129
28.61570358
11.16332436
19.32028389
7.746739864
10.8101244
2.568374872
2.003286839
1.350211978
0.136201695
8.054704666
0
0
0.408605069
19.71529388
11.85155773
4.013579369
11.06228447
4.100130558
15.8942318
0
3.738312721
18.8987999
0.544806778
17.05838585
3.704263449
10.33593845
4.497115135
0
6.570882797
13.03795528
3.212334156
3.469749689
7.029396057
10.2050705
9.551222801
1.138139963
2.72060585
4.831448555
0.908235967
0.784878671
0
4.380589008
15.79504776
18.35515594
9.762188911
12.47531414
11.92957211
11.54633808
5.567393303
0
0
1.626138687
3.743302822
10.28602409
24.05786514
121.3172379
38.2631073
0.286443621
1.633970261
0.286443621
1.089313626
0
0.824398756
0
0
0
1.752235413
0
2.221684694
6.131755829
0
0
0
0
0
0
0
0
0
0
0
0
1.089313626
4.000945091
14.6371069
0
0
0
0
0
0
0
0
0
0
0
0
0
0
0
0
0
0
0
0
0
0
0
0
0
0
0
0
0
0
0
0
0
0
0
0
0
0
0
0
2.995612383
0
0
0
0
0
0
0
0.491357833
0
0
0
0
0
0
0
0
0
0
0
0
0
0
0
0
0
0
0
0
0
0
0
0
0
0
0
0
0
0
0
0
0
0
0
0
0
0
2.67214942
0
0
0
0
0
0
0
0
0
0
5.493711472
1.857536077
0.558914423
0
0
0
0
0
0
0
0
0
0
0
0
0
0
0
0
0
0
0
0
0
0
0
0
2.020917416
0
0
0
0
0
0
0
0
0
0
0
0
0
0
0
0
0
0
0
0
0
0
0
0
0
0
0
0
0
0
0
0
0
0
0
0
0
0
0
0
0
0
0
0.209592909
0
0
0.29343006
0
4.186672688
0
3.111544132
0
0
4.769362926
3.537950516
1.593014121
0
0
0
0.373030186
0
0
0
2.47802186
0
0
0
0.532900274
0
0
0
0
0.133225068
0
0
0
0
0
0
0
0
0
0
0
0
0
0
0
0
0
0
0.412516654
1.421723485
0
0
0.856478512
1.561571956
0
0
10.29470062
12.20978165
11.68995476
0
0.194125503
22.50734901
0
0
15.69756985
15.17797375
0.426690549
21.15467262
25.91124535
0
0
0
0.228440076
0.151767001
4.27261734
0.44888857
0
0
0
0
0
0
0
0
0.106878169
0
0
0.712633431
21.26944351
4.133221149
28.65180588
24.7818985
0
1.179404974
0.47118023
0.443130225
29.69418526
1.33618772
29.49971962
24.27672005
0
0.406180918
7.847225189
6.324622154
11.8664999
18.84645081
72.57012177
59.05304337
26.96183968
1.043689132
1.763635278
0.25434947
3.418337584
0
0.166642815
1.087999821
0.153904542
14.47340584
0
0.206427619
0
50.13747787
35.85726929
15.44767952
8.273651123
6.857098103
2.856316566
0.691079319
0.137807488
0
0.958196163
0
0
4.879051208
6.994462013
11.14991856
1.115345716
0.809875071
3.468330145
0
27.8116951
0
85.48757935
0
0.320634484
2.415848732
0
0
0
0
0
0
0.132921591
0
0
0.370060414
39.12269211
90.54085541
10.30748749
1.756850123
0
0
0
0
0
0
0
33.41952133
28.86745453
8.509514809
7.482650757
0
0
0
0
0
0
0
0
0
0
0
0
0
0
0
0
0
0
0
0
0
0
0
0
0
0
0
0
0
0
0
0
0
0
0
0
0
0
0
0
0
0
0
0
0
0
0
0
0
0
0
0
0
0
0
0
0
0
0
0
0
0
0
7.447557449
0
0
0
0
0
0
0
0
0
0
0
0
0
0
0
0
0
0
0
0
0
0
0
0
0
0
0
0
0
0
0
0
0
0
0
0
0
0.123973966
0
0
0
0
0
0
0
0
0
0
0
0
0
0
0
0
0
0
0
0
0
0
0
0
0
0
0
0
0
0
0
0
0
0
0
0
0
0
0
0
0
0
0
0
0
0
0
0
0
0
0
0
0
0
0
0
0
0
0
0
0.222041786
0
0
0
0
0
0
0
0
0
0
0
0
0
0
0
0
0
0
0
0
0
0
0
10.08908844
0
0
0
0
0
0
0
0
0
0
0
0
0
1.46817112
0.266450137
0
0
0
0
0
3.104543447
0.153701469
18.0561409
0
0
3.844495773
0
6.209256649
6.266542912
0
9.120491028
0
0
1.747587204
0
0
0
0
0
0
0
0
0
0
0
5.054214478
0
4.010139465
0
18.19224358
0
0
0
0
0
0
6.576011181
0.309574813
1.021392226
4.386796951
0.103768677
0
9.219615936
13.95566273
1.474357486
9.027079582
13.772789
4.775943279
3.902883768
1.068950534
0
0
0
0
0
0.434016168
0.461846888
1.628161192
0
99.30181885
2.908105612
24.69118309
0
0
4.243503571
0.239805132
0
0.641017377
0
2.210552454
0.476634532
4.433735847
21.73182869
49.56480026
23.8036747
1.84548378
18.09810829
0.247966692
2.080874205
15.91220856
42.80491257
1.244940996
0
0.155429244
0.152400002
16.11288643
11.65660763
3.565716505
6.606138706
6.339057446
0.369205147
0
0
0.272224337
0.131941363
4.850719929
0
0
0.901489615
0.519677281
0.907034218
15.4892168
27.3035965
0
0
0.725263834
0
1.213040471
0
0
0
0
0.106580064
0
0
26.45495796
0
5.892792225
0
5.363968849
0.222041786
18.13801575
13.50332928
8.702020645
34.94627762
15.81782627
7.594122887
0.359707713
3.11806345
0.630598664
1.007887244
0
1.336691618
0.541781962
17.4604435
25.57197571
4.834088326
0.941518366
0
0
0
0
0
0
0
0
0
0
8.405473709
138.7715607
18.18308449
0
8.717819214
15.07396793
33.91464615
85.64044189
0.126678631
0
0
0
0
0
0
0
0
0
0
0
0
0
0
0
0
0
24.13206673
144.6973572
14.51828766
0.754942119
0
0
0
0
0
0
0
0
0.225878716
23.67948914
0
0
0
0
0
0
0
0
0
0
0
0
0
0
0
0
0
0
0
0
0
0
0
0
0
0
0
0
0
0
0
0
0
0
0
0
0
0
0
0
0
0
0
0
0
0
0
0
0
0
0
0
0
0
0
0
0
0
0
0
0
0
0
0
0
0
0
0
0
0
0
0
0
0
0
0
0
0
0
0
0
0
0
0
0
0
0
0
0
0
0
0
0
0
0
0
0.405462444
0
0
0
0
0
0
0
0
0
0
0
0
0
0
0
0
0
0
0
0
0
0
0
0
0
0
0
0
0
0
0
0
0
0
0
0
0
6.99156189
0
0
0
0
0
0
0
0
0
0
0
0
0
0
0
0
0
0
0
0
0
0
0
0
0
0
0
0
0
0
0
0
0
2.467039347
10.08908844
0
0
18.25138283
0.218318537
0
0
0
0
0
0
0
0
0
0
0
0
0
0.164412707
1.08504045
12.39011002
0.353083044
0
0
0
0
0
0
39.103302
0
0.167107999
0
0
0
0
0
0
0
0
0
0
0
0
0
0
0
0
0
0
0
0
0
4.859838486
49.58992004
0
0.444083571
0
0
18.91576195
14.57818222
3.574079752
29.19665527
9.868627548
4.517775059
11.94114017
1.07178092
25.55271721
2.513982534
18.48007393
0.183279753
0
0
0
0.10213922
9.365797997
0.164412707
11.83575439
12.61286926
4.427247524
1.845239639
3.738935709
4.483075619
92.76491547
12.00069523
11.95214653
0.645974576
4.755206585
6.99661684
4.580245495
0
0
4.570141315
92.159935
0.52383858
0.142106742
0.445735455
19.04728889
47.63662338
19.0236969
17.40697861
2.216110945
0
6.726059437
12.12460709
0.222041786
16.86515617
2.922105312
25.50693703
0
1.127972245
7.577639103
10.40435696
0.558298349
1.268946886
11.97067833
0.343843818
3.858823776
0
0
15.09722996
57.68766403
30.65061951
5.259600163
5.524289608
5.184038639
3.186028242
0.207435563
1.485633492
0
0
0
0
21.2930088
2.277639151
38.69295883
0
0
0.245271429
29.08909416
7.851260662
0
0
0.188670322
0.571401596
0
0
3.41445756
2.212519646
12.29397774
4.513539791
2.593061686
0
0.474207282
7.168563843
12.19273376
8.162106514
22.75009346
0
5.583585262
0
0
0
6.726059437
0
0
0
0
0
0.266833723
11.43796253
0
11.56017399
0
0
0
0
0
0
0
0
0
0
7.996728897
0
0
0
0
0
0
0
0
0
0
0
0
0
0
0
0
0
0
0
0
0
0
0
0
0
0
0
0
0
0
0
0
0
0
0
0
0
0
0
0
0
0
0
0
0
0
0
0
0
0
0
0
0
0
0
0
0
0
0
0
0
0
0
0
0
0
0
0
0
0
0
0
0
0
0
0
0
0
0
0
0
0
0
0
0
0
0
0
0
0
0
0
0
0
0
0
0
0
0
0
0
0
0
0
0
0
0
0
0
0
0
0
0
0
0
0
0
0
0
0
0
0
0
0
0
0
0
0
0
0
0
0
0
0
0
0
0
0
0
0
0
0
0
0
0
0
0
0
0
0
0
0.466287762
31.86495972
0
0
0
0
0.666125357
0.217600957
0.279772669
7.830879688
4.155412197
3.628531933
0
0
0
0
0
0
0
0
0
0
0
0
0
0
0
0
0
0
0
0
0
0
0
0
0
0
0
0
0
0
0
0
0
0
0
0
0
0
0
0
0
0
0
0
0
1.150510192
0
0
0
0
0
10.08908844
0
0
0
0
0
0
8.99920845
0
0
0
0
0
0
0
0
0
0
0
0
0
0
0
0
13.86067677
0
0
0.590631187
0
0.772705376
0
0.23988083
8.580780029
27.69823837
6.794789314
0.126678631
0.146547586
18.91940308
2.947843313
23.5291996
17.30776596
0
0
0.512112558
3.389300346
12.01913738
0.817113757
0
0
2.920526028
0
0
0.425850719
0
0.985865593
0.630598664
1.038347363
6.193210125
0.399751723
6.283555508
0
21.37594032
48.76393127
12.35947418
1.164898992
63.298069
3.653377533
3.366468906
25.05787849
11.02357578
9.111828804
17.35017967
0.267846316
0
0
0
0
1.427684784
0
0
0
2.529951096
32.9963913
0.782989264
0
0.805214226
35.93131638
0
1.142147779
0
9.027079582
4.990433693
36.05783844
21.83304787
0.831989586
3.216709614
0.408556879
0.666125357
0.284213483
0
1.035341382
0
0
0
72.95590973
32.99550629
0.148240954
1.770328999
0.336911261
0
0
0
0
0
0
0
0
0
0
0
0
0
70.87647247
115.4344864
0
4.513539791
29.91326332
0
0
0
0
0
0
0
0
0
0
0
0
0
0
0
0
0
0
0
0
0
0
0.113202192
0
9.969194412
0.799503446
0
0
0
0
0
0
0
0
0
0
0
0
0
0
0
0
0
0
0
0
0
0
0
0
0
0
0
0
0
0
0
0
0
0
0
0
0
0
0
0
0
0
0
0
0
0
0
0
0
0
0
0
0
0
0
0
0
0
0
0
0
0
0
0
0
0
0
0
0
0
0
13.74854088
0
0
0
0
0
0
0
0
0
0
0
0
0
0
0
0
0
0
0
0
0
0
0
0
0
0
0
0
0
0
0
0
0
0
0
0
0
0
0
0
0
0
0
0
0
0
0
0
0
0
0
0
0
0
0
0
0
0
0
0
0
0
0
0
0
0
0
0
0
0
0
0
0
0
0
0
0
0
0
0
0
0
0
0
0
0
0
0
0
0
0
0
0
0
3.363029718
0
0
0
0
0
0
0
0
0
0
0
0
0
0
0
0
0
0
0
0
0
0
0
0
0
0
0
0
31.07038498
2.238132954
0
0
0
0
0
0
0
0
0
0
0
0
0
0
0
0
0
0
0.373030186
0
8.584575653
0
0
0
0
0
0
0.768264532
0
0
0
0
0
0
0
6.726059437
0
0
0
0
0
0
10.16994762
3.303982019
0.861522138
1.330119014
0.758508861
13.74903202
0
14.61395645
5.790306568
157.8497772
16.87278175
0.381911874
0
0
0
1.199255109
22.13731384
10.08908844
0
0
0
6.396358013
14.4823513
0
16.42656708
0
0
1.301266789
11.92348766
34.82896805
4.339848042
0
0
0
0
0
0
0
0
1.101327181
0.512081623
2.218647003
29.95131874
1.475680947
0.742396057
85.36301422
16.54958916
5.157212734
1.402475715
70.62870026
5.319043636
5.427761078
2.5081985
0.355266869
0.390793562
0
0
0
72.32608032
0.168751761
0
78.67719269
2.783593655
8.273952484
1.534188271
0
0
0
0
0
0
7.845150471
0
26.99181938
5.131293774
6.825969696
0.750877976
1.332250714
0.882259727
4.206532478
1.067340016
9.115580559
1.534437537
4.088799477
0.167224094
0
0
0.773789465
0
0
0
0
0
0
0
0
0
0
0
0
9.204081535
6.726059437
1.770015717
6.018685341
0
0
0
0
0
0
0
0
0
0
0
0
0
0
0
0
0
0
0
0
0
0
0
0
0
0
0
0
0
0
0
0
0
0
0
0
0
0
0
0
0
0
0
0
0
0
0
0
0
0
0.213160127
0.186515093
0
0.146547586
0
0
0
0
0
0
0.10213922
0
0
0
0
0
0
0
0
0
0
0
0
0
0
0
0
0
0
0
0
0
0
0
0
0
0
0
0
0
0
0
0
0
0
0
0
0
0
0
0
0
0
0
0
0
0
0
0
0
0
0
0
0
0
0
0
0
0
0
0
0
0
0
0
0
0
0
0
0
0
0
1.767452598
0
0
0
0
0
0
0
0
0
0
0
0
0
0
0
0
0
0
0
0
0
0
0
0
0
0
0
0
0
1.056918859
0
0
0
0
0
0
1.394422412
0
0
0.457406104
0
0
0
0
0
0
0
0
0
0
0
0
0
0
0
0
0
0
0
0
0
0
0
0
0
0
0
0.293095171
0
0.941457212
0
0
0
0.719415426
0
0
0
0
0
0
0
0
0
0
0
0
0
0.532900274
0
7.96633482
0.202146783
0
20.62470818
1.837397933
0
0
0
0
0
0.444083571
0
6.637558937
0
0
0
0
0
0
0
0
0
0
0
0
0
0
0.541781962
0
1.243433952
0.177001566
0
0
0
7.434065342
17.37690544
13.31877422
9.204081535
0
0
0
0
0
0
0
0
0
0
0.15098843
9.920201302
11.16309071
5.764219761
9.806740761
0.713842392
1.142147779
0
10.02798462
4.940167904
1.145735621
0
5.133045673
1.55429256
8.842435837
25.67009735
22.27565002
5.17728138
23.04285431
0.239805132
0
0
0
0
4.12235117
3.049095631
6.283555508
4.584900856
11.63619518
7.982482433
0
0.15098843
5.064203262
8.770459175
0.484512925
1.591404319
119.6886597
8.359933853
4.248037815
16.02886581
26.96581841
2.988351107
13.98061752
0.266450137
0
1.612297416
0.719415426
3.767180681
110.7138824
0.175193876
3.552136898
0.355266869
1.162450671
17.18754959
0.461892813
1.800451875
17.20529938
7.576663971
0.488323838
11.25846577
13.49725628
11.18730736
3.372092247
0.625527918
1.578784227
23.14374352
21.62062263
1.80947423
0
0
0
0
6.454044342
14.0088377
11.19959164
0
0
0
45.38098907
59.03697586
15.19556999
3.713834286
1.490927219
0.243960992
0.106580064
0.239805132
26.99273872
0
0
1.035018563
0.608394444
0
0
0
0
0
3.046632051
1.399196863
0
0
0
0.488491923
0
0
0
0
0
0
0
0
0
0
0
0
0
0
0
0
0
0
0
0
0
0
0
0
0
0
0
0
0
0
0
0
0
0
0
0
0
0
0
0
0
0
0
0
0
0
0
0
0
0
0
0
0
0.10213922
0
0
0
0
0
0
0
0
0
0
0
0
0
0
0
0
0
0
0
0
0
0
0
0
0
0
0
0
0
0
0
0
0
0.708006263
2.035517931
0.171322167
0.320575744
0
0
0
0
0
0
0
0
0
0
0
0
0
0
0
0
0
0
0.442503929
1.83579874
1.013577819
0.910516679
0.296653181
0
0
0
0
0
0
0
0
0
0
0
0
0
0
0
0
0
0
0
0
0
0
0
0
0
0
0
0
0
0
0
0
0
0
0
0
0
0
0
0
0
0
0
0
0
0
0
0
0
0.483812004
0
0
0
0
0
0
0
0
0
0
0
0
0
0
0
0
0
0
0
0
0
0
0
0
0
0
0
0
0
0
0
0
0
0
0
0
0
1.256362557
0
4.273182869
2.32892108
0
0
0
0
0
0
0
0
0
0
0
0
0
0
5.431637764
0
0
0
0
0
0
0
0
0
0
0
0
0
4.95604372
11.5051012
0
0
17.84388542
0.601229787
23.88803291
2.757930756
1.089618921
0
3.212055445
3.927715778
35.35780334
2.536463022
2.261010885
27.96905136
61.34250641
43.907444
23.37804222
2.902259588
6.576011181
0.188670322
0.115461722
59.55225372
126.5837097
0.728297055
0.63978827
0.293403029
2.189123154
3.913751602
3.759483099
1.143595338
0.586013258
0
3.805533886
2.964573383
2.000946522
72.24713135
23.27359772
13.84643078
12.51596642
11.80583954
3.290606499
17.96565819
4.224863052
3.922661543
2.212519646
46.43683243
52.06062317
4.181741238
0.314678848
3.540657997
4.591150284
39.63384628
1.368069649
3.030572414
0
0.673822522
0
6.286800385
1.01515758
3.115805864
2.649343014
3.817517757
63.94143295
9.064290047
3.838814735
0.961455226
0.574945629
48.58692932
2.695981503
13.46911049
27.19464111
13.79585457
19.48027611
0.762244105
0.142106742
0.603953719
0
23.19608688
15.48763657
21.07332993
17.64992714
4.165073872
1.692996144
42.33007813
0.989859641
3.414822578
0.679213166
0.289759964
0
0
0
0
0
0
0
0
0
0
0
0
0
0
0
6.064041138
1.17464304
0
36.43562698
10.69409943
1.559051037
0.504368424
0
0
0.246555135
19.34281349
1.283735275
19.2509346
12.37487316
0
0
0.742396057
0
0.266450137
0.262694001
0
3.042288303
5.013529778
1.422040701
0
0.121288069
0
0
0
0
0
0
0
0
0
0
0
0
0
0
0
0
0
0
0
0
0
0
0
1.070983291
0
0
0
0
0
0
0
0
0
0
0
0
0
0
0
0
0
0
0
0
0
0
0
0
0
0
0
0
0
0
0
0
0
0
0
0
0
0
0
0
0
0
0
0
0
0
0
0
0
0
0
0
0
0
0
0
0
0
0
0
0
0
0
0
0
0
0
0
0
0
0
0
0
0
0.44543764
0
0
0
0
0
0
0
0
0
0
0
0
0
0
0
0
0
0
0
0
0
0.177633435
0
0
0
0
0
0
0
0
0
0.559652448
0
0
0
0
0
0
0
0
0
0
0
0
0
0
0
0
0
0
0
0
0
0
0
0
0
0
0
0
0
0
0
0.39967525
0.411173195
0
0
0
0
0
0
0
0
0
0
0
0
0
0
0
0
0
0
0
0
0
0
0
0.222041786
0
0
0
0
1.488209724
0
0
0
0.134764507
0
0
0
0
0
0
0
0.213160127
49.47193909
3.806781054
6.044456959
0.743532956
0
0
0
0
0
0
0
0
0
0
0
0
0
0
7.611067772
0.107811615
1.589819193
0
0
0
4.159536839
0
0
1.31230092
0.612835348
0.816851616
5.133045673
0
0
0
5.387103081
26.12537956
26.50206375
2.71381259
0
0
0
0
0
17.20085144
0
5.60719347
0.56935066
0
19.91758347
8.856790543
0.133225068
0.588794351
0
0.577308655
0
0
0.266450137
0
0.773674846
0
0.479610264
11.2508688
8.240878105
5.989572525
3.365787983
11.57097912
1.204064846
0.470728606
0.265502363
6.681607723
1.568343878
45.73714066
0.700481594
1.858641744
0.746391833
0.655588448
0.893429399
68.76985931
73.71416473
12.82688904
4.693283081
1.152215242
0
21.86063957
0
0.134764507
7.690497398
6.283555508
5.155888557
0.262694001
0.654496193
4.515119553
5.745881081
1.650381327
3.980677366
0
11.90414619
0
0.674674988
69.67218781
71.22319794
19.13171196
62.57596207
6.163786411
4.219997406
4.675700665
3.287723541
14.25767136
45.40090179
74.84886169
70.88167572
23.18036079
27.2444973
2.305624723
2.614827871
0
1.116150856
3.69089365
15.70569992
0.451141447
0.398605138
3.401860952
1.058995843
2.291490555
1.313470006
0.16171743
0
3.471690416
4.344063282
0.443952501
0.671643794
0.575729012
1.45449388
2.745187283
35.40471649
3.521813393
1.218819976
1.146839261
0.947982728
0
0.753817558
57.31796646
3.080821037
1.74303937
0.106580064
0
0.442503929
68.27971649
16.77083588
9.765377045
4.886994839
0
0
0
0
0
0
0
0
0
0
0.133225068
0.222041786
0.266450137
0
0
0
0
0
0
0
0
0
0
0
0
0
0
0
0
0
0
0
0
0
0
0
0
0
0
0
0
0
0
0
0
0
0
0
0
0
0
0
0
0
0
0
0
0
0
0
0
0
0
0
0
0
0
0
0
0
0
0
0
0
0
0
0
0
0
0
0
0
0
0
0
0
0
0
0
0
0
0
0
0
0
0
0
0
0
0
0
0
0
0
0
0.759176731
0
0
0
0.133225068
0.222041786
0.444083571
0
2.364543676
0
0
0
0
0
0
0
0.713842392
0
0
0
0
0
0
0
0
0
0
0
0
0
0
0
0
0
0
0
0
0
0.177633435
0
0
0
0
0
0
0
0
1.240431428
0
0
0.133225068
0
0
0.293095171
0
0
0
0
0
0
0
0
0
0
0
0
0
0
0
0
0
0
0
0
0
0
0
0
0
0
0
0
0
0
0
0
0
0
0
0
0
0
0
0
0
0
0
0
0
0
0
0
0
0.442503929
0
0.67864728
0
0.506255269
0
0
0
0
0
0
0.885007858
0
0
0
0
0
0
0
0
0
0
0
0
0
0
0
0
1.261173487
0
0.194165125
0.140155092
0.5319525
0.442503929
0
0.142850399
0.627473652
0
0
0.204842061
2.002698183
2.711535692
4.841878414
19.1202774
10.08908844
13.6999979
2.21871376
2.246956825
0
0
0
1.695963979
9.307073593
3.108145237
2.08105588
2.420614958
0
9.204081535
11.93214798
0.588049829
0
0.730974615
3.197402
0
23.62970924
0
0
11.52632809
1.393190861
0.7993505
49.20643616
70.80062866
6.102267742
0
1.875445008
2.21567893
2.81826067
1.354794502
1.636623979
0.602437735
1.259469151
0.239851028
0
0
1.290627003
0
29.6814537
36.03947449
1.092599988
0.239805132
0.885007858
0.168751761
0
0.442503929
2.246819019
0.222041786
54.02994919
0.621716976
2.291743755
3.239251375
2.412919521
1.907386899
0
22.74470139
0
1.15461731
0.123983346
0
11.52582359
0.527973473
0.709576249
1.427684784
0.833767951
0
0.130593717
0.355266869
0.204586342
0
11.06259727
0.142850399
10.03169823
25.39972496
3.223554373
1.086053133
2.459974289
0.786797702
0
5.133045673
1.861991644
3.624526262
24.82535172
36.56995392
16.58621025
1.110208988
1.529263496
0.708006263
1.327511668
37.64200974
16.08226204
2.578446865
2.135816336
0
0.318044275
0
0.361168891
0.205586597
0.204842061
0.468280584
0.444083571
0
0
0
0
1.643109202
2.035517931
0.795587003
0.38905248
0.284213483
1.931331754
1.000469565
1.313465238
0.106580064
0
0
128.1491394
12.14395046
0.142106742
2.033902645
2.772412062
0
0
0
0
0
0
0
0
0
0
0
0
0
0
0
0
0
0
0
0
0
0
0
0
0
0
0
0
0
0
0
0
0
0
0
0
0
0
0
0
0
0
0
0
0
0
0
0
0
0
0
0
0
0
0
0
0
0
0
0
0
0
0
0
0
0
0
0
0
0
0
0
0
0
0
0
0
0
0
0
0
0
0
0
0
0
0
0
0
0
0
0
0
0
0
0
0
0
0
0
0
0
0.434381932
12.89381695
2.563874483
0
0
11.61379051
6.740017891
0
0
0
0
0
0
0
0
0
0
0
0
0
0
0
0
0
0
0
0
0
0
0
0
1.441547751
0
1.66193676
1.39662838
0
0
0
20.06752014
0
0
0
0
0
0
0
0
0
0
0
0
0
0
0
0
0
0
0
0
0
0
0
0
0
0
0
0
0
0
0
0
0
0
0
0
0
0
4.911480427
0
0
16.89974976
0.866118491
4.273525238
0
10.90193462
0
0
16.67158699
8.067601204
0.764342666
5.32778883
94.7750473
8.055311203
3.538162947
11.5617342
0
0
0
0
0
17.69982147
0
0
0
1.05188632
1.083021045
0
1.898182869
0
0
5.110098839
0.240463138
1.673455358
0
19.49049759
0
0
2.251907825
0.470580399
25.35454559
2.021095514
3.323988676
1.673455358
0
0
0
6.069694042
20.05864716
2.196758509
8.228125572
1.72304821
0
2.113992214
17.36992455
4.617891788
5.22465229
14.56582451
7.898230553
10.46529865
16.08163834
5.553572178
2.425131798
0
3.63769722
0
3.830617666
1.404811502
23.31477737
5.84941864
0.808465362
0.666052282
0
0.311892956
2.955797195
12.77142906
6.891466141
13.08271217
38.8947258
21.18414688
1.165901542
56.90536499
7.145955086
8.982446671
6.819033623
26.30854416
10.09402943
0
10.74791336
0
3.14102459
32.7362442
17.8608532
13.4112854
35.15259933
6.506246567
4.642146111
21.10791206
53.05264282
33.80402756
4.007761002
1.41144526
8.513744354
18.82801819
13.33658504
0.376464337
2.407839775
36.5295372
16.36572075
4.211935043
0.274355054
0
5.316182137
2.43550849
1.652222991
4.206364632
1.847691774
0
2.7990942
23.30219269
7.630931377
8.50066185
16.92290878
8.450106621
47.47730255
40.34253311
20.23283768
30.60609055
23.59869766
42.58412933
5.365066051
29.45322227
27.94240952
1.045294881
0
0
0
0
7.462313652
7.202616692
5.146859169
65.71154022
58.49343491
63.1226387
20.04816628
4.647672176
9.439891815
2.083866835
13.93804646
9.785264015
23.6319313
1.521991014
10.8265543
3.860669613
18.61829758
1.516477704
0
0
0
0
0.499007136
0
0
0
5.638599396
5.535648823
0
0.998014271
21.70681
0.370239317
0
0
4.72826767
87.80053711
50.11415863
30.55885696
8.711514473
0.881902635
2.012188673
0
0
0
0.451505393
0.185354844
0
0
0
0
8.316176414
24.13735199
0
0
1.097815752
0
0.403978497
0
0
0
0
0
0
0
0
0
8.146993637
10.39614391
0.562461436
0.179566011
0
0
1.705877066
0.179566011
0
0
0
0
0
0
0
0
0
0
0
0
0
0
0
0
0
0
0
0
0
0
0
0
0
0
0
0
0
0
0
0
0
0
0
0
0
0
0
0
0
0
0
0
0
0
0
0
0
0
0
0
0
0
0
0
0
0
0
0
0
0
0
0
0
0
0
0
0
0
0
0
0
0
0
0
0
0
0
0
0
0.682328641
12.60067558
0
0
0
0
0
4.282036304
6.481162548
4.067756653
0
0
0
0
0
0
1.685750246
15.79910946
0
0
0.513679445
1.387452602
0
0
0
0
0
0
0
0
0
0
0
0
0
0
0
0
0
0
0
0
0
0
0
0
0
0
0
0
0
0
0
0
0
0
0
0
0
0
0
0
0
0
0
0
0
0
0
0
0
0
0
8.624731064
0.279852301
0
0.210988864
0
0
0.132621571
0.37375167
0
0
0
0
0
0
0
0
0
0
0
0
0
0
0
0
0
0
0
0
0
0
0
0
0
0
0
0
0
0
0
0
0
0
0.216659859
0.73122704
0
0
0
0
0
0
0
0
0
0
0
0
0.494055063
10.12404251
0
0
0
0
3.374680758
0
23.67141914
0
0
0
0
1.374441624
0
1.687340379
1.687340379
0
9.648427963
30.59296417
4.802736759
0.1929041
10.19214916
0.301412642
0
0
0.162494883
1.36192143
0
0.189577371
9.749809265
15.63183022
19.43177986
6.64166069
0.788403034
5.622116089
2.679721594
20.46581459
0.34115237
31.78520203
6.851377487
1.326970458
1.818627119
24.55880928
3.031956911
0
0
5.664646626
2.115203857
1.807905436
0.428005964
1.265505314
0
0
0
0.850597024
0
0.150706321
5.074077606
0.162762836
11.26845551
0.823716283
40.47155762
38.18714142
26.74430466
10.62574863
28.34428215
7.927072525
4.539527416
29.08805656
31.17196465
33.11346817
10.90757275
17.32717705
0.337582171
1.360677838
0.904028773
7.578234673
0.395555496
17.02493668
9.124566078
20.45265388
7.931600571
21.79034996
30.12489891
13.27454185
1.349841237
0
0
0
1.232102156
15.46320438
14.35502815
4.82659483
1.992072463
1.802684903
0
7.849524021
13.87765312
46.59941483
12.78963089
6.263883114
0.318546742
1.195325375
8.606342316
0
0
0
0
0.268042415
10.17207432
3.315198421
10.6437664
31.80065918
0
0
0
0
0
0
0
0
0
13.34586048
0
1.124598503
3.66276145
0
0
0
0
0
0
0
0
0
0
0
0
0
0
0
0
0
0
0
0
33.74975967
11.52913761
0
0
0
0
0
0
0
0
0
0
0
0
0
0
0
0
0
0
0
0
0
0
0
0.102480307
0
1.761427164
2.744980097
0
0
0
0
0
0
0
0
0
0
0
0
0
0
0
0
0
0
0
0
0
0
0
0
0
0
0
0
0
0
0
0
0
0
0
0
0
0
0
0
0
0
0
0
0
0.519671142
6.816081047
0
0
0
0
0
0
0
0
0.191252053
0
0
0
0
0
0.866118491
5.864550591
0
0
0.133216068
0
0
0
0
6.17898035
0
0
0
0
0
0
0
0
0
0
0
0
0
0
0
0
0
0
0
0
0.575184286
0
5.369934559
3.027353525
0.134424865
0.292663008
0
0
5.559242249
0
0
0
0
0
0
0
0
0
0
0
0
0
0
0
0
0
0
0
0
0
0
0
0
0
0
0
0
0
0
0
0
0
0
0
0
0
0
0
0.394928247
0
0
0
0
0
0
0
0.164137229
0
0.346447378
0
3.211698055
0
0.164137229
3.272836447
3.105737686
0
0
25.4789753
6.554159164
0
0
0.359132022
0
0.149702147
10.0953474
0
0.359132022
0
0
1.739569068
0
9.310979843
6.554159164
0.748510718
1.649358988
8.978301048
0
0
0
0
0
3.892256021
0
13.00060368
0
0
6.201712132
0.737404346
5.358571053
1.204895973
0
18.11919212
0.338122725
9.113431931
0.72704345
8.860284805
8.904592514
53.69572067
26.54449844
15.21862793
32.07625961
11.1161356
22.76394272
0.692894757
8.135420799
0.147723511
4.237788677
22.57243919
0.780300319
10.74720287
14.04553413
27.66901207
0.325786442
65.31575012
3.47458005
0.12973018
4.620244026
0.650738597
2.734760761
3.669157505
1.458684564
2.545894623
18.76568222
5.880506039
0
3.584377527
4.888460636
9.631189346
3.119018793
5.155450821
0
0.910198987
0
2.498687983
11.57056046
2.265644312
0
1.934243083
19.37312698
10.83861542
47.03695297
24.3531723
1.981780648
16.36062241
11.82692909
9.310829163
17.52695274
2.323354006
1.570371866
30.85691071
0
10.35245514
2.210123539
0
0
16.16734505
5.967497349
1.35669136
7.893872261
0
2.777121782
0
16.48589325
26.81315994
5.968916416
0.777069151
3.887926817
1.241187334
4.920070648
0.175343171
7.451739788
3.299412489
5.782773018
6.987113476
1.369709969
13.41122627
75.38883209
13.05908012
15.54184341
0.354934275
0.589214146
0
10.64497948
0.754215896
6.317900181
10.19610882
2.868728876
4.200984001
11.02831745
4.106851101
16.58170128
8.479611397
6.247627735
0
4.051757336
0.785618901
0.266084492
19.19097137
78.77913666
44.62903214
10.49381638
1.301477194
0
12.38798046
4.945851326
0.12973018
22.01998901
11.68317127
25.4451046
10.28568459
0
0
0
19.90954018
0
0.132368505
4.242738724
85.15667725
6.727404594
0.623154938
0
0
0
0
0
0
0
0
0.113242775
21.29345512
0.178351551
0
0
0.154284552
3.842532158
0
0
0
0
0
0
0
0
0
0
0.913974166
1.41773355
0.123074889
0
0
0
0
0
5.568771362
0
0
0
0
0
0
0
0
0
0
0
0
0
0
0
0
0
0
0
0
0
1.384509563
0.14343904
0
0
0
0
0
0
0
0
0
0
0
0
0
0
0
0
0
0
0
0
0
0
0
0
0
0
0
0
0
0
0
0
0
0
0
13.83665371
0
0
0
0
0
0
0
0
0
0
0
0
0
0
0
0
0
0
0
0
0
0
0
0
0
0
0
0
0
0
0
0
0
0
0
0
0
0
0
0
0
0
0
0
0
0
0
0
0
0
0
0
0
0
0
0
0
0
0
0
0
0
0
0
0
0
0
0.179968119
0
0
19.53747368
0
0
0.591508389
0
0
0
0
0
0
0
0
0
0
0
0
0
0
0
0
0
0
0
0
0
0
0
0
0
0
0
0
0
0
0
0
0
0
0
0
0
0
0
0
4.322435379
0
0
3.382775307
0
0
0
0
0.112594612
0
0
0
7.922729492
0
0
0
0
0
0
0
0.46303153
0
0
0
0
0
0.305200011
1.071748972
25.12908173
0
1.801367998
0
0
0
0
0
0
0
0
1.369130611
1.127714157
13.77230263
0
0
0
0
0
0.226556391
6.920717239
0
0
0
18.75299072
42.01777267
1.073504329
8.530706406
0.280498385
0.104163736
0
3.501952887
3.16435647
0.840207458
0
0
23.77805519
30.53130341
20.22770119
1.472905278
2.604833364
6.648236275
1.190165281
24.8381958
0
0
1.15692091
2.092446089
21.46761322
0
1.408765197
39.29151917
26.65976715
12.19636345
0.223576754
0
0
0.196077049
0
14.0354147
0
0
0.206853941
0
0
0.361014009
0
0
0.17019482
0
0.901954412
1.199971795
0.280778855
4.37536335
2.021437168
0.370431691
0.258821696
39.75217819
0.492153376
6.95588398
67.97489929
0.463240594
93.89199829
0.105950058
0
0
0
0
0
0
0.716865182
0
0
2.762904882
41.075737
117.6086121
0
17.8736515
61.37785339
19.97802162
5.58786726
0.631802559
0.90245384
3.872941494
0
0
0
0.55911696
43.53467178
2.671513557
0
0
0
0.202283725
0.363675922
37.41518784
0.410904318
4.222536564
0
0
0
0
0
0
0
0
0
0
0
0
0.168056458
0
0
0
0
0
0.360850215
0.441421658
5.825891018
0.573895454
16.93591499
0.869965434
0
0
0
0
0
0
0
0
0
0
0
0
0
0
0
0
0
0
0
0
0
0
0
0
0
0
0
0
0
0
0
0
0
0
0
0
0
0
0
0
0
0
0
0
0
0
0
0
0
0
0
0
6.254927635
0
0
0
0
0
0
0
0
0
0
0
0
0
0
0
0
0
0
0
0
0
0
0
0
0
0
0
0
0
0
0
0
0
0
0
3.097527504
5.311310768
0.266450137
0
0
0
0
0
0
0
4.151894569
0
0
0
0
0
0
0
0
0
0
0
0
1.150510192
0
0
0
0
0
0
0
1.593014121
0
0
0
0
0
0
0
0
0
0
0
1.633970261
0
0.978100181
0
0
0
0
0
0
0
0
0
0
0
0
0
0
0
0.102601051
1.287842274
0
0
0
0
0
0
0
0
0
0
0
0
0
0
0
0
0
0
0
0
0
0
0
0
0
4.071035862
0
2.212519646
0
0
0
0
0
0
0
0
0
0
0
0
0
0
0
0
0
0
0
0
0
0
0
0.754942119
0.134764507
0
0
0
0
26.9920845
0
0
0
0
0
0.355266869
0
0
0
0
0
0
0
0
0
0
0
0
0.856610894
0
0
0
0
0
1.392533541
1.629119158
5.427490711
2.327769756
0
0
0
0
0.362070054
2.263223171
3.236946821
0.522711992
2.089506388
21.56967354
0.115449458
1.731706142
4.616936207
0.699999511
2.206810236
2.64817214
3.361829519
72.01789856
23.54629517
67.94023895
31.55181885
18.75826454
211.9934998
119.5958481
154.5747375
59.77894592
19.8235817
30.4346199
0.911832511
0.363864213
0.447342485
12.64576817
0.497556537
0.982124627
4.660189152
2.582397938
2.903974771
35.59730148
9.309277534
2.48036623
1.871768355
0
0
0
0.580574453
0
3.99582386
0.142722517
1.488013625
0.621356905
4.275314331
0
1.150510192
2.748579264
5.575549126
5.37256813
0
0.133225068
3.69274044
8.837406158
38.56690979
3.399700642
3.45708847
0
2.407925129
0
0.257568479
0.435201913
0
0.177633435
0.309794575
0
0
1.089286327
0
0
1.354788542
0
55.10042572
22.82707787
1.373499751
5.161029339
11.95626926
4.938418388
49.54718018
15.41613197
0
2.024399519
8.060522079
0
0
0
1.31953299
0
0
2.247753143
2.871466398
63.51066971
115.5591507
0
0
0
0
0.285752922
0.250661999
1.370577335
0.177633435
3.033244848
0
15.94835663
5.416310787
0
0
0
0
0
0
1.462908149
0.134764507
3.431299448
47.224823
0.1105069
0.133225068
9.027079582
0
0
0
0
0
0
0
0
0.444083571
0
0
0
0
0
0
0
0
0
0
0
0
0
0
0
0
0
0
0
0
0
0
0
0
0
0
0
0
0
0
0
0
0
0
0
0
0
0
0
0
0
0
0
0
0
0
0
0
0
0
0
0
0
0
0
0
0
0
0
0
0
0
0
0
0
0
0
0
0
0
0
0
0
0
0
0
0
0
0
0
0
0
0
0
0
0
0
0
0
0
0
0
0
0
0
0
12.59282398
0.204842061
0.134764507
0
0
0
0
0
0
0
0
0
0
0
0
0
0
0
0
0
0
0
0
0
0
0
0
0
0
0
0
0
0
0
0
0
0
0
0
0
0
0
0
0
0
0
0
0
0
0
0
0
0
0
0
0
0
0
0.444083571
0
0
0
0
0
0
0
0
0
0
0
0
0
0
0
0
0
0
0
0
0.177633435
0
0
0
0
0
0
0
0
0
0
0
0
0
3.314598083
0
0
0
0.7715379
0
28.76275635
0.898168087
12.33663464
0
0.57107389
1.496471643
0
0
0
0
0
0
0
0
0
0
0
0
0
0
0
0
35.07533264
2.087422371
2.96556592
0
11.2482748
0.138807461
9.712368011
0
0
0
2.103033781
1.48007977
0
1.45868063
0
0
0
0
0
0
0
0
2.220417976
4.511483669
2.720806599
1.995833635
0
0
0
0
0
2.705750704
0.465773761
1.239326835
11.35972786
0
18.95668602
16.04307938
5.710739136
19.36368942
6.283555508
7.11058712
1.342046976
2.335602283
0.310858488
2.523378134
3.555018663
0.111854546
0
15.39913559
0.222041786
39.30302429
0.444083571
0.228429556
9.792377472
1.44978261
1.465475798
0
0.275331795
6.675292969
8.568699837
15.43174839
0.435509771
0
6.912499428
53.72226334
17.61496544
2.284295559
10.61720657
8.755824089
11.01141453
7.642211437
0.723232687
5.401463032
0.199259683
2.291055441
0.399751723
0.57107389
14.07748318
9.675756454
0.195396781
0.628181279
1.239326835
0.110930875
0
0
0.633245647
0
0.593480468
0.142850399
0
0
0
0
4.225946903
1.400284529
0.856610894
0
2.350483656
11.39264011
0.591431856
14.08851528
2.564091206
30.142313
5.865427017
33.61114883
113.4474564
4.228375912
2.98772788
17.65740585
0
0
0
0
17.4462719
36.1411972
0
0
0.214346901
0.113159135
0
0
0
0
0
3.181251287
0
0
0
0
0
0
0
0
0
0
0
0
0
0
0
0
0
0
0
0
0
0
0
0
0
0
0
0
0.888610363
0
0
0
0
0
0
0
0
0
0
0
0
0
0
0
0
0
0
0
0
0
0
0
0
0
0
0
0
0
0
0
0
0
0
0
0
0
0
0
0
0
0
0
0
0
0
0
0
0
0
0
0
0
0
0
0
0
0
0
0
0
0
0
0
0
0
0
0
0
0
0
0.270876676
0
0.810924888
2.613542318
0
0
0
0
0
0
0.736340284
0.456859112
7.522566319
0
0
0
0
0
0
0
0
0
0
0
0
0
0
0
0
0
0
0
0
0
0
0
0
0
0
0.266450137
1.003628969
0
0
0
0
0
0
0
0
0
0
0
0
0
0
0
0
0
0
0
0
0
0
0
0
0
0
0
0
0
0
0
0
0
0
0
0
0
0
0
0
0.39967525
0
0
0
0
0
0
0.114214778
2.920526028
2.656603098
0.856457829
0
0
0.885007858
0
0
0
0
0
0
0
0
0
0
0.177633435
0
0
0
0
7.184433937
0.399751723
19.91267776
0.683888674
3.760668993
0
0
0
0
0
0
0.230923444
0.285536945
0
0
0
0
16.11932182
0
20.26667976
0
0
12.03536129
0
0
0
0
0
0
0.310858488
0
0
0
0
0.16171743
7.965070248
0
11.5051012
0.791392446
0.444083571
7.597047329
4.062085629
1.142147779
1.394937754
49.46164322
0.746060371
0.148240954
3.097527504
11.02068233
17.72106552
8.321630478
0.319740176
4.747774601
25.57216644
1.436352134
0
0.322203308
3.747152328
0.477424234
2.47802186
2.877065182
2.715451717
73.42074585
24.29768181
67.717453
31.61333275
2.723244667
212.5784302
122.3246384
100.8707581
10.17603493
5.105884075
18.3162117
0.621716976
0
0
1.830906034
5.375255108
0.342644334
5.342485905
5.258784294
4.931918144
38.45596695
10.32292747
0.930480599
1.817014575
9.832370758
18.05485916
52.43751907
3.982535124
0
10.00311661
40.59147263
17.09453583
0.125636265
0
0
90.55919647
51.74213409
48.41519928
3.210871458
0.328981757
0
0
0
0.239851028
40.83227921
0.371194661
4.012183189
0
0
1.855059505
6.005961895
1.907261491
7.855770111
0.785210907
0
8.23100853
16.26413918
12.78537369
0.772044301
0.647115111
0
210.6318665
0
23.54895592
234.9942322
1.395745993
9.509084702
14.78730202
12.39280605
0
0
0
0
5.310046673
0
0
0
0
0
0
0
0
5.110327721
31.77594757
17.70015717
2.290006161
0.900942683
1.353464961
0.680220544
8.094693184
0
0
0
0
0
0
0
0.565579116
0
0.528921247
0.148240954
0
0
8.95249939
0
0
0
0
0
0
0
0
0
0
0
0
0
0
0
0
0
0
0
0
0
0
0
0
0
0
0
0
0
0
0
0
0
0.355266869
0
0
1.55429256
0
0
0
0
0
0
0
0
0
0
0
0
0
0
0
0
0
0
0
0
0
0
0
0
0
0
0
1.427684784
1.370577335
0
0
1.770015717
4.001870155
0.63121444
0
0
0
0
0
0
0
0
0
0
0
0
0
0
0
0
0
0
0
0
0
0
0
2.920526028
0
0
0
0
0
0
0
0
0
0
0.114214778
0
10.31239414
0
0
0
7.071686745
0
0
0
0
2.743524075
0.417438567
0.506255269
2.175446749
3.982597589
6.602004528
0
0
0
0
0
0
0
0
0
0
0
0
0
0
0.976983845
0
0
0
0
0
0
3.970855951
0.355266869
0
0
0
0
0
0.310858488
0
0
0
0
0
0
0
0
0
0.308379918
0.57107389
0
0
0
0
0
0
0
0
0
0
0
0
0
0
0.285536945
0
1.793201804
1.794097662
0
5.389679909
0
0.310858488
0
0
0
1.021187425
0
0
0
0.532900274
0
0
0
0
0
0
4.425039291
0
3.128130674
0
11.06259727
0
0.603233516
10.35459137
0
0
0
0
0.532900274
0
0
0
0
0
0
0
0
0
0
0
0
0
0
0
0
0
0
0.913718224
4.425039291
0
0
2.055866003
9.243438721
9.184293747
28.54557991
0
0
0
0
0
1.776334286
0.888167143
0.342644334
4.392818451
25.28636169
67.34633636
19.40460777
62.32369995
34.90084457
0.105116323
0
0.862321556
0.602661908
0.888167143
0.285536945
0.285536945
15.923769
4.862668514
0.231124848
0.321767539
0.343201965
0
0
0
2.349831343
0
1.998758674
14.28072548
22.98174858
1.1539011
37.72231293
18.77627373
0.732096016
1.517197847
0.666125357
4.427010059
14.67355919
0.285536945
0.23988083
5.281650066
22.3758564
3.424545527
1.050012469
0.856610894
0
10.71995449
16.01829338
33.41348267
16.43859291
29.3568058
5.209105492
16.98937988
7.6129632
3.676415682
1.211877823
4.098329544
0.513966501
1.851397872
11.79507637
3.318988562
18.23305702
10.11242676
0
0.285536945
2.176492929
0
0.488491923
0.794087708
0
0
1.284683108
0
0.7993505
2.776454926
39.49324417
65.75202179
10.36895561
0
7.611067772
0.492598772
14.24894142
0
0
0
0
0
28.20600128
46.38616943
1.459241033
12.01656723
0.306879491
0
0
0
0
14.67047596
18.32195663
0
0.799503446
39.74632645
111.7593155
21.90504837
0
1.865151048
0.907253921
0
35.57226181
20.10829353
142.4155273
48.65802765
0.284524351
0
0
0
0
0
0
0
0
0
0
0
36.9546051
0
0
0
0
0
0
0
0
0
0
0
0
0
0.39967525
0
0
0
0
0
0
0
0
0
0
0
0
0
0
0
0
0
0
0
0
0
0
0
0
0
0
0
0
0.591288567
0
0
0.57107389
0
0
0
0
0
0
0
0
0
0
0
0
0
0
0
0
0
0
0
0
0
0
0
0
0
0
0
0
0
0
0
0
0
0
0
0
0
0
0
0
0
0
0
0
0
0
13.48400307
0.57107389
0
0
0
0
0
0
0
0.33944279
1.151733398
0.590631187
0.873099089
0
0
0
0
0
1.558262944
17.8672657
0
0
0
0
0
0
0
0
0
0
0
13.27511787
0
0
0
0
0
0
0
0
0
0
0
0
0
0
0
0
0
0
0
0
0
0
0
0
0
0
0
0
0
0
0
0
0
0
0
0
0
0
0
0
0
0
0
0
0
0
0
0
0
0
0
0
0
0
0
0
0
0
0
0
0
0
0
0
0
0
0
0
0
0
0
0
0
0
0
0
0
0
0
0
0.579487383
0
0
0
0
0
0
0
0
0
0
0.10213922
0
0
0
0
0
0
0
0
0
0
0
0
0
0
0
0.417438567
1.427684784
0
0
0.914812207
13.29793644
0
0
0
0
0
0.648362041
0
0
0
0.1105069
16.48212814
0.339403003
16.15803719
9.558716774
11.33977222
26.04636383
43.77764893
38.17034531
0
0
0
0
9.027079582
0
0
0.222041786
0
2.493373394
12.47892666
67.98280334
13.57617664
14.55932808
23.04225349
44.06521606
66.1377182
44.61042023
11.04588127
13.17120457
1.078272581
27.01325989
11.67074776
30.6317482
85.07489777
39.07008743
21.37153435
4.069604397
111.976059
0.13450262
0
2.178572655
2.156362295
13.90320492
0
1.820742726
0.7993505
15.52926636
9.513834953
13.65613556
0
0.754942119
0
0.164412707
0.55066359
22.74511528
65.99640656
2.655023336
0.510764956
0
0
0
0
0
0
0
0
0
0
0
0
9.567338943
0.266450137
2.261747122
3.212320089
0
0
0.177633435
0
0.39967525
0.558298349
0
0
19.46691322
0
0.115897492
41.24136353
7.478554249
0
0.133225068
2.07087636
0
0
0
0.266450137
0
2.477986336
26.01922989
1.565144539
4.166710377
25.4226265
52.06730652
0.105622612
0
0.973715484
8.958395958
0
0
0
0
0
0
0
0
0
0
0
0
0
0
0
0
0
0
0
0
0
0
0
0
0
0
0
0
0
0
0
0
0
0
0
0
0
0
0
0
0
0
0
0
0
0
0
0
0
0
0
0
0
0
9.548089027
1.08246994
20.64138603
0
0
0
0
0
0
0
0.354003131
0
0
0
0
0
0
0
0
0
0
0
0
0
0
0
0
0
0
0
0
0
0
0
34.09977722
0
0
0
0
0
0
0
0
0
0
0
0
0
0
0
0
0
0
0
0
0
0
0
0
0
0
0
0
0
0
0
0
0
3.540031433
0
0
0
0
0
0
0
0
0
0
11.5051012
0
0
0
0
0
0
0
0
0
0
0
0
0
0.239805132
4.95604372
0
0
0
0
0
0
0
0
0
0
0
0
0
0
0
0
0
0
0
0
0
0
0
0.595071971
0
0
0
7.137775898
0
0
0
1.514708281
0.114214778
0
0
0
0
0
0
0
0
0
0
0
0
0
0
0
0
0
0
0
0
0
0
0
0
0
0
0.288654327
0
0
0
0.177633435
12.18369865
0
0.15098843
8.920156479
0
0.923754811
11.35129738
0
0
0
0
0
13.4772644
0
0
0.266450137
0
0
0
0
0.39967525
36.01845932
0
0
0
0
2.442459583
7.956032276
0
0
0
0
0
47.22831345
3.105909348
11.30398273
0.213160127
0
9.992226601
0.856610894
0
2.692757368
2.08645463
1.401137829
72.53781891
47.77971268
40.27715683
10.64064217
0.319703281
0.307863295
3.015692949
2.05880475
2.424853325
4.71364069
19.14183235
16.62191582
0.133394226
2.83524394
1.88938725
107.0420074
11.50782204
2.657428503
0.770021558
26.317276
56.39706802
2.735517502
0.683588743
3.29863596
11.3806448
7.83978796
72.35363007
2.807042599
0.261978537
1.803191185
2.962034702
18.40925789
13.79996967
6.201369762
2.213819504
0.871186733
0.958305359
2.815487146
20.26788902
2.472029448
1.002709031
0.693582475
0.468452483
0
1.054972172
5.276410103
0.361146182
0.696949363
15.33457375
91.8972702
3.001604319
20.43997002
3.859223366
42.57768631
0.348474681
2.64817214
0
9.180329323
0.871186733
5.82368803
36.26992798
16.50358963
0
0
1.457590461
31.541399
2.735607624
16.28839684
14.82006836
87.38887024
7.944517136
0
0.871186733
1.3067801
0
1.733741045
28.26381493
73.46057892
139.3391724
13.35905647
3.589193106
0
0
0.348474681
4.604183674
0.244220018
0.869933069
0.445884109
0
7.5477314
12.38867092
4.929622173
1.148076296
0
30.51360703
0.975758195
0.348474681
0
5.29634428
5.642511845
0
0
0
0
0.355266869
0
0
0
2.486867905
0
3.76207304
0
0.355266869
0
0
0
0
0
0
0
0
0.459483773
3.119565487
13.2584095
46.88216019
0
0
0
0
0
0
0
0
0
0
0
0
0
0
0
0
0
0
0
0
0
0
0
0
0
0
0
0
0
0
0
0
0
0
0
0
0
0
0
0
0
0
0
0
0
0
0
0
0
0
0
0
0
0
0
0
0
0
0
0
0
0
0
0
0
0
0
0
0
0
0
0
0
0
0
0
0
1.481017351
0.139389873
0
0
0
0
0
0.662101924
0
0
0
0
0
0
0
0
0
3.76111269
2.109065771
11.65195751
0.534074843
0
0
20.83228683
0
5.53958559
0
0
0
0
0
0
0
0.354578763
0.643588901
0
0
0
0
0
0
0
0
0
0
0
0
0
0
0
0
0
0
0
0
0
0
0
0
0
0
0
0
0
0.277996182
0.274067611
0
0
0
0
0
0
0
0
0
0
0
0
0
11.74981785
0
0.534082651
0
21.04178238
0.29383868
0
0
0
0
0
0
0
0
0
0
0
0
0
0
36.150383
0.676533043
10.68165302
0.299104631
0
0
0
0.204051509
0
0
0
0
0
0
0
0
0
0
0.412953883
0
0
0
0.400182664
0
0
7.685927391
0
0
0
0
0
0
0
0
4.489327431
10.38376141
13.3610754
5.539913654
4.915462017
1.214681745
0
0
0
8.226074219
2.368356466
0
3.808377028
0
0
0
0
0
0
0
0
0.173654422
0
19.64717484
0
0
0
0.125330999
0.177633435
0
0
0
0.114214778
22.54109764
4.993362904
1.519423962
0
0.287048399
0
0
26.41981506
1.626537442
28.63607788
14.24734116
17.89638138
56.77895355
44.82182312
3.020989418
5.488312721
1.976756811
11.31254005
5.284455299
0
0
4.796681404
1.44180572
3.731799364
5.014817238
61.02542114
31.27781677
9.892108917
5.917625427
0
4.515751362
5.951608181
16.24922943
0
65.68105316
39.46615219
20.71888733
0.498628706
2.033022881
10.73086834
16.87844849
17.98316193
0.133225068
11.61664867
1.473709583
0.664861619
0.177633435
1.412397146
3.895298004
13.3645668
0
0
0.266450137
1.524821758
7.629934788
10.17184353
0.76852566
0.148240954
3.388582945
9.414764404
2.677644014
12.47096825
2.034755945
1.955644608
37.18199158
0
0
0
1.762434244
0
2.209987402
0
0.266450137
2.588613033
0
6.859284878
2.988063097
2.855369568
7.955584049
1.108791709
0.913718224
2.715893745
4.065481663
1.633443475
0.31980139
0
0
0
3.140906572
0.444083571
0
31.19190979
1.347928047
12.74411297
0
0
1.065800548
2.56810236
9.043359756
0.310858488
1.280395865
0
0
0
0
0
0
0
0
0
0
0
0
0
0
0
0
0
0
0
0
0
0
0
0
0
0
0
0
0
0
0
0
0
0
0
0.148752198
0
0
0
0
0
0
0
0
0
0
0
0
0
0
0
0
0
0
0
0
0
0
0
0
0
0
0
0
0
0
0
0
0
0
9.079336166
7.013603687
0
0
0
0
0
0
0
0
0
0
0
0
0
0
0
0
0
0
0
0
0
0
0
0
0
0
0
0
0
0
0
0
0
0
0
0
0
0
0
0
0
0
0
0
0
0
0
0
0
0
0
0
0
0
0
0
0
0
0
0
0
0
0
0
0
0
0
0
0
0
0
0
0
0
0
0
0
0
0
0
3.096295595
0.760250568
0
0
0.432760596
0.112517759
0
0
0
0
0
0
0
0
0
0
0
0
0
0
0
0
0
0
0.159870103
0
0
0
0
0
0
0
0
0
0
0
0.285852611
0.444879055
0
0
0
0
0
0
0
0
0
0.10342858
0
0
0
0
0
0
0
0
0
0.217475861
0
0
0
0
0
0
0
0
0
0
0
0
0
0.33546868
8.573845863
0.895039797
1.556590915
0
0
0
0
0
0
0
2.565402508
11.59007072
0
0
0
0
0
0
6.886080742
0
0.586960256
0
11.39894772
13.87609577
0
1.951571107
9.65255928
0.217796683
0
4.637303352
0.680609226
0.993152797
11.72795773
10.45119381
4.962468147
31.30274773
0
0
5.64943409
6.219316483
11.21059513
1.407954335
0.142091662
0.465123713
8.827240944
0
6.179068089
0
0.186495289
0
0
0
0
0
0
0.267160952
0
0
0
7.572967052
9.748077393
2.26924634
0.379834414
0.533576906
0.244217083
0.489081621
0
0.716005683
1.841673374
2.64817214
5.29634428
11.88044834
13.23048019
0.533812881
18.7837162
9.430827141
3.133821726
1.419058323
3.32634449
1.079167604
0
0.451433092
0
27.36444664
8.568824768
0.833854258
0.423682302
28.04985809
8.128791809
0.735061944
0.142655045
1.678070426
3.115275383
0.280999929
18.99610901
1.028338075
0
0
21.86960602
0.301294386
1.594271541
6.436002731
14.19886208
0.572586715
10.95883179
11.66887665
18.55354309
13.32966805
1.041482806
20.97600365
0.537000299
1.763062239
0
0
0.923457861
0
0.296203494
0
0.233119115
0.487864524
11.22986698
0.858645201
1.142854929
1.304741979
24.17030144
0
0
0
0
0
0
0
0
0
0
0
0
0
0
0
0
0
0
0
0
0
0
0
0
0
0
4.413620472
0
0
0
0
0
0
0
0
0
0
8.989940643
69.80927277
0
0
0
0
0
0
0
0
0
0
0
0
0
0
0
0
0
14.36210251
57.26404953
0
0
0
0
0
0
0
0
0
0
0
0
0
0
0
0
0
0
0
0
0
0
0
0
0
0
0
0
0
0
0
0
0
0
0
0
0
0
0
0
0
0
0
0
0
0
0
0
0
0
0
0
0
0
0
0
0
0
0
0
0
0
0
0
0
0
0
0
0
0
0
0
0
0
0
0
0
0
4.712571144
0
0
0
0
0
0.209619492
0
0
0
0
0
0
0
0
0
0
0
0
0
0.740508676
0
0
0
0.169381261
0
0
0
0
0
0
0
0
0
0
0
0.247866258
0
0
0
0
0
0
0
0
0
0
0
0
0
0
0.573687375
0
0
0
0
0
0
0
0
0
0
0
0
0
0
0
0
0
0
0
0
0.481760651
0
0
0
0
0
8.938695908
17.07137489
3.81415987
0
0
0
0
0
0
0.130192369
0
0
12.46192837
0
0
1.765448093
0
0
0
0
0
0
1.84648478
0.58797282
0
0
7.944517136
0
0
0.514522076
0
3.530896187
0.655344367
0
4.627326965
0
0.700200558
0
0
0
5.737706661
0
0
0
0
0
0
1.045423985
0.180018038
0
0
0
0
0
0
9.907514572
0
7.061792374
0
2.907687187
0
0
0
0.235339299
0.117668174
0.135429636
1.342270136
0
0
0
11.12975788
5.424081802
26.03096581
11.4577713
13.50221729
44.13619995
1.486449838
9.623315811
11.027215
8.039305687
16.19937897
3.397628069
4.183481216
35.30896378
0
2.64817214
0
0
0
0
10.59268856
1.146660566
4.679852486
2.303842306
2.794704199
3.052064657
14.50106812
3.090661764
0.210917309
7.757077217
39.20547485
22.99376678
28.17796898
12.20216465
0
0
0
0
0
13.37148094
1.772108674
6.869689941
43.6186409
0
0
0
0
0
13.3268919
3.677428246
0
0.828712404
0
0
7.854671001
0.798729479
0
0
0
80.52826691
47.09305954
5.400848866
21.54193497
7.616381168
0
0
3.046980143
0.986701608
0
0
30.02705002
12.42748642
7.500762463
27.2890377
53.56401825
4.889947414
2.299932957
1.568136096
39.44294357
0
0
0
16.5180645
33.69111252
32.30869675
4.220314503
27.23982811
86.58890533
5.905360222
7.574237823
0
0
0
63.33815384
2.64817214
0.724140108
1.620480418
0
0
14.45659542
10.53251553
0
13.63714123
0.214031249
0.718699396
32.26109314
29.47500229
5.757858753
0.998993456
0
0
0
0
0
0
0
0
0
0
0
12.95267487
0
0
0
0
0
0
0
0
0
0
0
0
0
0
0
0
0
0
0
0
0
0
0
0
0
0
0
0
0
0
0
0
0
0
0
0
0
0
0
0
0
0
0
0
0
0
0
0
0
0
0
0
0
0
0
0
0
0
0
0
0
0
14.51395512
18.39559555
0
0
0
0
0
0
0.225567311
0
0
0
0
0
0
0
0
0
0
0
0
31.15784645
18.98548508
0
0
0
0.354447484
4.413620472
0
0
0
0
0
0
0
0
0
0
0
0
0.813077331
0
0
0
0
0
0
0
0
0
0
0
0
0
0
0.435593367
13.32037926
18.98385048
0.321926415
0
0
0
0
0
0
0
0
0
0
0
0
0
0
0
0
0
0
0
0
0
0
0
0
0
0
0
0
0
0
0
0
0
0
0
0
0
0
0
0
0
0
0
0
0
0.390806437
0.521075249
0.341955602
0
0.368767977
0
0
0
0
0
0
0
0
0
0.879314423
0.211686805
0
0
0
0
0
0
0
2.128556967
0
0
0
0
0
0
0
0
10.61186028
0
0
0
0
0
0
0
0
0
0
0
0
0
0
0
0
0
0
0
0
20.9957962
0
0
0
1.736256599
43.18768692
22.67715454
57.59755325
0
0.431219637
0.291860789
29.76742935
0
0.285148412
5.215086937
37.63717651
94.57572174
5.954617977
1.469032645
16.00540924
10.66646671
25.38100052
1.800263762
48.44385147
41.63803864
82.42218781
251.6247101
36.86493683
0.150960907
1.800623775
9.474788666
1.199051619
0.201723829
0
0.248287916
0.684181154
0
0.887512505
1.516737938
29.15659904
0.237371758
15.88903427
0.175318107
5.372569561
10.65837002
6.180178165
4.494767189
51.40213394
9.108434677
10.06518841
0
12.61553097
20.47792435
15.73268414
19.10724449
5.523357391
23.98828316
17.46093559
25.96180725
12.96819115
20.67804146
0
16.07737923
14.80369377
1.860729694
0
0
58.90830612
0
4.942934036
3.494328022
8.470799446
1.763030529
1.100253105
1.650652289
0.906709611
32.0531044
4.456955433
12.11273384
21.68364143
0
0
0
10.25167847
0.207955107
0
0
18.79799271
34.73962021
9.892568588
55.22559357
64.89269257
17.198946
4.157113552
3.243937969
11.47777939
14.39333725
22.64244843
17.31448936
9.709964752
2.718102455
1.155806541
1.328526497
0.146532014
0
0.441362023
0
0
0.199816391
0
0
0
0
0
0
0
0
0
0
0
0
0
0
0
0
0.488843352
0
0
0
0
0
0
0
0
0
0
4.112906456
40.11100769
0
0
0
0
0
0
0
0
0
0
0
0
0
0
0
0
0
0
0
0
0
0
0
0
0
0
0
0
0
0
0
0
0
0
0
0
0
0
0
0
0
0
0
0
0
0
0
0
0
0
0
0
0
0
0
0
0
0
0
0
0
0
0
0
0
0
0
0
0
0
0
0
0
0
0
0
0
0
0
0
0
0
0
0
0
0
0
0
0
0
0
0
0
0.343013704
0
0
0
0
0
0.356637627
0
0
0
0
0
0
0
0
0
0
0
0
0
0
0
0
0
0
0
0
0
0.137651294
0.381126374
0
0
0
0
0
0
0
0
0
0
0
0
0
0
0
0
0
0
0
0
0
0
0
0
0
0
0
0
0
0
0
0
0
0
0
0
0
0
0
0
0
0
0
0
0
0
0
0
0
0
0
0
0
0
0
0
0
0
0
0
0
0
0
0
0
0
0
0
0
0
0
0
1.211729765
0
0
0
1.132542729
0
0.381126374
0
0
1.187599421
0
0.152450547
0
2.831356525
0
0
0
0
0
1.285656929
0
0
0
0
0
0
0
0
0.144311845
0
0
0
0
0.174237341
0
0
0
0.133394226
1.876115918
0.435893297
4.5712533
0
0.158743024
2.987951517
0
0
0
22.23744392
0
0
0
1.132542729
0
0.734691083
0
0.696949363
0
3.383754015
0.18427512
0.102867454
2.794222593
42.01174164
13.39347172
448.8091431
61.47130966
12.26230145
0.47762695
1.671207428
0.190544844
2.227499962
34.03866196
4.048380852
3.947375059
15.76170063
2.986896753
0
0
0.274559081
0.24699305
0.840802312
6.468175411
3.696490049
2.299721718
37.75706482
5.384365082
24.85677338
0.681085706
2.998890638
4.622862816
0
0.720255435
1.874565125
1.611478448
0
0.457223743
7.678091049
0.206846491
32.50643539
0.307677031
2.24541235
0.762733877
10.98581409
1.11511898
0
0
0
8.827240944
1.644034624
0.203514725
0.588207424
0
0
5.29634428
38.73299789
1.942747712
2.090216398
13.63832092
0.575793624
3.630460978
1.361271381
46.32368088
60.64209747
2.07090497
12.1706171
0.148750722
0
1.428746104
11.67072582
3.046873331
0
0.209619492
0
0
5.025470257
0
13.85787678
1.609809041
1.12477386
0.150970906
8.914719582
18.74741745
0.277522773
2.177042961
0
0.363920659
7.360099792
1.524720311
0
0
1.99634409
8.595170021
6.153775692
0.530385733
0
0
0
0
0
0
0
0
0
0
0
0.191661075
0
15.93636799
0.182054922
0
0
18.42440605
23.08679581
3.001825333
0
0
0
0
0
0
0
0
0
0
0
0
0
0
0
0
0
0
0
0
0
0
0
0
0
0
0
0
0
0
0
0
0
0
0
0
0
0
0
0
0
0
0
0
0
0
0
0
0
0
0
0
0
0
0
0
0
0
0
0
0
0
0
0
0
0
0
0
0
0.435593367
0
0
0
0
0
0
0
0
0
0
0
0
0
0
0
0
0
0
0
0
0
0
0
0
0
0
0
0
0
0
0.285536945
0
0
0
0
0
0
0
0
0.239851028
0
0
0
0
0
0.621137798
0
0
0.297509909
0
0
0
0
0
0
0
0
0
0
0
0
0
0
0
0
0
0
0
0
0
0
0
0
0
0
0
0
0
0
0
0
0
0
0
0
0
0
0
0
0
0
0
0
0
0
0
0
0
0.224737078
0
0
0
0
0
0
0
0
0
0
0
0
0
0
0
0
0
0.222041786
0.95067054
0
0.62322253
1.19902575
1.222866058
0
0
0
0
0
0.101073392
0
0
0
0
0
0
0
18.41125298
12.73780251
0.444083571
23.10497856
15.41164589
4.111642838
0.434016168
7.274938583
2.776311636
0
0
0
0
0
0
0
0.945078969
0
0
0
0
0
0
0
0
0
0
0
0
0.355266869
0
0
0
9.573934555
0.425073296
0.159022138
0
0
0.532900274
0
0.385556936
0
0.532900274
0.310858488
0.843758762
2.53435421
36.78975677
18.03173065
77.74357605
72.49874878
95.85448456
30.54176331
8.407574654
0
0
1.963189006
15.55085278
35.19778442
1.549568534
3.351711988
1.823565841
0.299653739
15.88154507
0.240908816
0
0
0
0
0.508770525
0.845963657
3.540031433
0.419953853
5.547019958
7.667124748
53.54297638
26.77897835
5.494674206
2.246486664
1.741082907
8.063364983
2.745445251
1.098911285
7.820708752
3.853733063
6.044019222
15.46006298
0.284033477
0
0.488491923
0
0
0
2.878751516
1.712597251
7.352746964
1.015897512
0.310858488
0
0
2.035517931
6.271451473
6.742763519
38.29344559
0.422804952
20.3969574
13.79486561
0
0
0
0
0
0
0
0
0
0
0
2.145815849
0
0
2.524956703
1.285714388
15.96049118
1.466107368
70.61689758
7.337202549
6.119897366
4.432664394
2.680628777
27.51724625
0
0
4.929327488
0
0
0.318233967
7.161286354
9.57408905
8.399886131
10.25487518
3.747343063
2.264855862
26.72812462
0
0
0
2.279580355
36.10827637
129.7545929
38.63064194
4.769098759
0
0
0
0
1.393420219
1.926342487
0
20.35517883
0
0
0
0
0
0
0
0
0
0
0
0
0
0
0
0
0
0
1.486533761
0
0
0.305915475
0
0
0
0
0
0
0
0
0
0
0
0
0
0
0
0
0
0
0
0
0
0
0
0
0
0
0
0
0
0
0
0
0
0
0
0.210470885
0
0
2.022351265
0.55066359
6.451470852
0
0
0
0
0
0
0
0
0
0
0
0
0
0
0
0
0
0
0
0
0
0
0
0
0
0.115461722
0.159900695
0.342644334
0
0
0
0
0
0
0
0
0
0
0
0
0
0
0
0
0
0
0
0.169803292
0
0
0
0
0
0
0
0
0
0
0
0
0
0
0
0
0
0
0
0
0
21.62127113
0.284213483
0
0.207343638
0
2.039345503
0
0
0
0
0
0
0
0
0
0
0
0
0
0
0
0
0
0
0
0
0
0
0
0
0
0
0
0
0
0
0
0
0
0
0
0
0
0
0
0
0
0
0
0
0
0
0
0
8.017126083
0
0.552495062
0.515345693
39.53725052
0.512415051
0
0
4.453958988
1.06381309
0
1.673358321
13.60127544
1.276512742
0
0
0.168751761
0
0
0
0
0
0
0
0
0
0
0
0
0
0
0
2.124018908
0
0
0
0
0
0
3.337332487
0
0
0
0
0
0
0
0.194060892
1.809135318
17.12961006
1.973510027
0
0
0
0
0
0.230923444
1.287842274
0
0
0.700368285
70.96956635
292.3632813
7.39612627
0.621716976
0
0
0
1.784839749
0
0
9.897622108
0.764439523
0
1.142147779
8.852773666
132.3089905
21.23412323
35.06596756
20.34504128
24.16802406
36.72413635
7.271001816
10.8508482
4.832632065
2.794600964
2.880725384
27.99969673
1.806348443
11.46487617
15.45339489
18.7285347
3.635171652
3.439087152
19.81056404
16.69280052
8.80642128
16.49799538
4.9138484
1.182749629
21.07501221
28.93914604
8.179962158
12.62744904
0.160177976
0.782910526
14.59931374
2.280352354
0
0
0
0.339710832
69.55700684
3.818901062
0
0.856610894
35.57731628
0
0
0
0
55.17335892
92.63095093
14.54329109
9.766155243
0
53.13271332
25.79701424
20.56184387
11.06665516
4.056693077
38.57561874
2.372357845
1.827436447
0
12.74411297
7.696073055
1.762541413
5.379936218
1.91825664
18.01101494
0.94699949
9.139946938
21.56082916
120.5914154
5.296737671
0
0
0
0
9.080053329
0.204278439
0
0.228429556
1.770015717
1.313470006
3.456826448
0.284213483
0
0
0
0
0
0
0
0
0
0
0
0
2.47802186
0
0
0
0
0
0
0
0
12.39419746
8.319073677
0.213160127
0
0
0
0
0
0
0
0
0
0
0
0
0
0
0
0
0
0
0
0
0
0
0
0.541781962
0.710533738
4.202744961
17.73250008
0
0
0
0
0
0
0
0
0
0
0
0
0
0
0
0
0
0
0
0
0
0
0
0
0
0
10.68289757
0
0
0
0
0
0
0
0
0
0
0
0
0
0
0
0
0
0
0
0
0
0
0
0
0
0
0
0
0
0
0
2.761603594
0
0
0
0
0
0
0
0
0
0
0
0
0
0
0
0
0
0
0
0
0
0
0
0
0
0
0
0
0
0
0
0.63269341
5.310046673
3.362694979
0
0
0
0
0
2.542405128
0.954933643
0
0
0
0
0.541781962
0
0
0
0
0
0
0
0
0.117565982
0
0
24.00387573
0.274960637
0.890791833
0
0
0
0
5.564003944
9.629517555
0
0
0
0
0
0
0
0
0
0
0
0
0
0
0
0
0
0
0
0
0
0
0
0
0
0
0
0
0
0
0
7.287656307
0
0
0.299957037
1.068950176
0.113719329
0.511736989
0.52716583
2.048953533
0
0
0
0
3.930897713
0
0
0
0
0
0
0
0
0
2.494333744
0
70.35572815
0
0
0
4.095737457
0.159022138
0
0
0
0
0
0
0
0
0
0
0
0
43.67750168
0
0
0
0
0
4.425039291
7.093539238
9.044285774
19.38634109
20.33595276
9.7631073
20.85288811
0.283005476
0.522886336
0
7.337202549
0
0.230923444
0
14.7253685
17.87715912
0.222041786
2.762199879
24.74875641
0.133225068
0.113202192
0
0.106580064
5.833861351
1.994089127
49.4896431
61.72718811
102.126297
2.761289597
16.07906151
2.655023336
6.910431385
9.145179749
1.869075537
46.16013336
3.019771814
0.345339626
10.62009335
1.795497656
4.126853466
4.677101135
0
27.8071537
0.502545059
0.567631185
10.11065102
7.146793842
4.26076889
2.746623278
4.664877415
2.940560341
0
0
0
23.8210659
10.74720478
9.549586296
0
0
0
15.51523113
0.98466444
13.40929508
16.76376152
26.66282082
1.597725034
2.927203417
8.940828323
18.08174515
0.521399081
0
1.168322682
1.301941276
0
0
0.171023056
33.56738663
1.328859329
19.0312233
20.13129807
10.68843555
20.36880875
2.960515261
7.788068771
2.899546146
0.528619349
0.229777217
8.87292099
1.006168604
0.989664495
0
0
34.87878799
0.932575524
0.230923444
0
0
0.817113757
0
0
12.17951012
9.916696548
0
0.186515093
4.050361156
5.410919189
0.11293415
13.78504562
0
0
0
0
16.95261002
0.39967525
9.580907822
15.08031464
0.674702168
3.968806982
4.767602921
24.56814575
0
0
0
0
0
0
0
0
0
0
0
0
0
0
0
0
0
0
0
0
0
0
0
0
0
0
0
0
0
0
0
0
0
0
0
0
0
0
0
0
0
0
0
0
0
0
0
0
0
0
0
0
0
0
2.628358603
0
0
0
0
0
0
0
0
0
0
0
0
0
0
0
0
0
0
0
0
0
0
0
0
0
0
2.625241518
0
0
0
0
0
0
0
0.115461722
0
5.752550602
0
0
5.906701088
0
0
0
0
0
0
0
0
0
0
0
0
0
0
0
0
0
0
0
0
0
0
0
0
0
0
0
0
0
0
0
0
0
0
0
0
0
0
0
0
0.33944279
0
0
0
0
0
0
0
0
0
0
0
0
0
0
0
0
0
0
0
0
0
0
0
0
0
0
0
0
0
0
0
0
0
0
0
0
0
0
0
0
0
0
0
0
0
0
0
0
0
0
0
0
0
0
0
0
0
0
0
0
0
0
0
0
0
0
0
0
0
0
0
0
0
0
0
0
0
0
0
0
0
0
0
0
0
0
0
0
0
0
0
0
0.15011777
14.66475964
3.037057161
27.19045067
16.18189049
22.84557724
0
0
13.8146143
0.130537182
0
0
0
0.331631035
0.566940427
0
0
0
5.755391121
0.145594105
0
0
14.20927811
40.4246788
0
1.963824749
3.395283222
6.664164066
23.27247238
9.932812691
13.2315731
7.854248047
7.655875683
0
2.932952166
0.130537182
1.833094954
0.593944192
0.32242173
1.556082368
1.068198323
34.08882141
0.573165655
52.70493698
2.422841787
5.258160114
15.15299511
0.526709378
32.99570847
0.379992962
19.71324539
25.98352242
8.778847694
0.429121137
0.384778321
0.32634297
0.21839118
0.415877253
21.38842392
1.811981082
12.92658901
0
1.279291034
0
0
0.706794024
4.935500145
36.11742401
30.22169495
19.94973564
26.55427551
35.53221512
4.810287952
21.57367516
13.47589493
0.121687151
9.543558121
0
0.683483481
0
1.103516817
3.368968487
28.2775116
1.742734432
0
0
1.106989503
0
0
0
0
16.56503296
9.129907608
0.163930908
3.600707293
0
0
11.96690369
7.617919445
5.720081806
9.591853142
2.834720373
0
0
0.754942119
0.259287924
0
0
0
0
0
30.10913277
12.73368263
32.73826981
3.954394341
3.042453289
0
0
0
0
16.90958023
0.897048831
3.024278164
5.487048149
0
2.690821886
19.47333145
21.64416504
37.12207413
20.33094025
1.770015717
23.28553391
0.425855875
0
1.570453286
0
16.39998245
7.965070248
0.318044275
0.488491923
0.910653174
0.257568479
0.266450137
0
0
0
0
0
0
0
0
0
0
0
0.754942119
0
0
0
0
0
0
0
0
0
0
0
0
0
0
0
0
0
0
0
0
0
0
0
0
0
0
0
0
0
0
0
0
0
0
0
0
0
0
0
0
0
0
0
0
0
0
0
0
0
0
0
0
0
0
0
0
0
0
0
8.952872276
8.189791679
6.738916874
0.763887703
0
0
0
0
0
0
0
0
0
0
0
0
0
0
0
0
0
0
0
0
0
0
0
0
0
0
0
0
0
0
0
0
0
0
0
0
0
0
0
0
0
0
0
0
0
0
0
0
0
8.727902412
0.100465477
0
0
0
16.84436607
0
0
1.068950176
0.545755208
0
0
5.561712265
0
0
24.39471626
9.122414589
0
0
0
0
0
0
0
0
0
0
1.247108459
0
0
0
0
0
0
0
0
0
0
0.36447075
0
0
0
0.102347396
0
0.479098082
0
0
0
0
0
0
0
0
0
0
0
0
0
0
0
0
0
0
0
0
0
0
0
0
0
0
0
0
0
0
0
0
0
0
17.81583595
0
0
24.9421711
0.147835121
0.947042525
0
0.354115963
0
0.627599657
1.351139903
0.159207061
0
9.79945755
0
17.81583595
0
0
0
0
0
0
0.455785304
15.11995983
0.354115963
0
0
0
0
0
0
16.03425217
1.4777987
0.169398144
0
0
0
0.583249807
0
0
0
0
30.02362061
0
0
0
0
19.01935196
11.71360779
0.741034567
0
0.441603452
17.81583595
31.17771339
26.04944801
4.465101242
0.204694793
0
0.661299646
0.234192193
26.01698303
25.32459259
44.92277527
21.13445663
0.789546192
10.19361973
5.967502594
14.4961729
3.888076782
0.407164425
2.909627914
16.96438599
11.93490696
0
0
1.570608497
0
10.2964344
50.35695648
13.85997105
1.352547646
3.307950735
13.97428989
0.341726899
17.42951775
22.3572464
23.04558754
20.35382271
25.31032944
0
25.74033737
50.15104294
12.82787991
24.97637177
2.676650524
0.410412192
0
0
0.289984286
0.574282646
37.05884171
50.71663284
11.64335632
6.598667145
2.838831902
2.706361055
3.71279645
0
0
1.992242694
1.459031701
0.155592218
0
0
0.630421162
0
0.29240039
2.896339655
10.77304173
0
0
0
14.3361845
7.723395824
8.706194878
0.695559144
0.80740726
0
0
0
0.529352605
0.241544649
44.41615295
4.631745815
0.281040221
0
1.549778104
58.83627701
0.171899438
0.268284172
2.930746794
0.776519418
13.42386723
6.768655777
4.583761692
2.252341032
0.245776236
26.93751144
0.239407077
35.84542847
17.31219292
40.46184158
32.39136887
24.36670494
16.60818291
11.88496208
17.81583595
31.30596924
13.55911827
4.562102795
0.256507605
22.78658295
27.80477524
13.53685188
12.33616161
0
0
0
0
0
0
0
0
0
0
0
0
0
0
0
0
0
0
0
0
0.117565982
0
0
0
0
0
0
0
0
0
0
0
0
0
0
0
0
0
0
0
0
0
0
0
0
0
0
0
0
0
0
0
0
0
0
0
0
0
0
0
0
0
0
0
0
0
0
0
0
0
0
0
0
0
0
0
0
