0
0
1.461390972
0
0
0
0
0
5.463475704
0
0
0
0
0
0
0
0
0
0
0
0.112414703
1.267140985
0
0
0
0
0
0
0
0
0
7.636530399
5.807471275
2.178686142
0
0
9.96322155
16.77534294
15.21344566
1.553303719
0
0
0
0
0
0
0
0
0
0
0
0
0
0
0
0
0
0
0
0
0
0
0
0
0
0
0
0
0
0
0
0
0
0
0
0
0
0
0
0
0
0
0
0
0
0
0
0
0
0
0
0
0
0
0
7.500012398
0
0
0
0
0
0
0
0
0.144714579
0
0
0
0
0
0
0
0
0
0
0
0
0
0
0
0
0
0
0
0
0
6.735656261
0
0
0
0
0
0
0
0
0
0
0
0
0
0
0.149300441
0
0.456343055
0
0
0
0
0
0
0
0
0
0
0
0
28.62010193
10.08184814
6.267119408
28.49879074
7.465295792
27.48209763
15.45465565
12.70812988
40.03359222
1.247097731
0
0
0
0
1.425254703
0
0
0
0
0
2.969280243
0
4.144954681
60.68454361
16.64756584
30.62391281
18.8046093
0.180389583
25.16129875
19.86914063
16.9642868
32.61211014
17.19667625
6.73384428
11.74837112
13.06928349
16.70231628
3.369823694
60.0880394
42.73103714
25.60590935
5.223028183
1.630206704
0
3.443848848
0.164354965
0.276597381
0
0
0
1.461390972
18.38110924
6.210912228
15.19560623
17.13240814
0.593856096
0.79913646
29.53019714
11.24856091
37.19724655
58.12239838
34.74150467
5.551139832
21.15631866
3.8783319
17.30364799
0.246336445
2.604038239
0.495320022
9.916799545
4.430613041
17.58792877
1.67183125
2.371745348
0.393451452
5.620735168
16.14552689
12.30718994
4.54136467
3.645087242
0.828561306
0.46739009
4.928718567
0.834791422
4.745211124
0
22.56408691
22.49574661
9.173153877
5.153776646
0.950169802
12.4831562
13.53177547
1.068841934
0.375321597
3.460400343
0
0
20.44321442
16.84345818
4.695297718
0
1.950921059
0
0.593856096
7.363815308
4.299776554
11.64914417
15.1964941
11.57194901
4.31099081
0.137133181
0
0
2.585538149
16.80569839
38.68862915
51.83508301
165.382309
52.73871613
0.336204559
4.215551376
11.4503994
5.358260155
0
0
0
0
1.781568289
1.662796974
0
0.408883065
0
0
0
0
0
0
0
0
0
0
0
0
0
1.461390972
11.65090561
0.581255376
0
0
0
0
0
0
0
0
0
0
0
0
0
0
0
0
0
0
0
0
0
0
0
0
0
0
0
0
0
0
0
0
0
0
0
0
0
0
0
0
0
0.315191746
0.630383492
0
0
0
0
10.05641365
0.672409117
0
0
0
0
0
0
0
0
0
0
0
0
0
0
0
0
0
0
0
0
0
0
0
0
0
0
0
0
0
0
0
0
0
0
0
0
0
7.633815289
1.849125147
0.24653244
0
0
0
0
0
0
0
0
0
0
0.124268383
0.12226405
0
0
0
0
0
0
0
0
0
4.951825619
0
0
0
0
0
0
0
0
0
0
0
0
0
5.382135868
0.27316618
0
0
0
0
0
0
0
0
0
0
0
0
0
0
0
0
0
0
0
0
0
0
0
0
0
0
0
0
0
0
0
0
0
0
0
0
0
0
0
0
0
0
0
0
0
1.51759851
0
0
3.690354109
13.57177639
0
0
0
8.808849335
0
0
0
0
0
7.482586861
0
0
0
2.922781944
0
0
9.418429375
0
0
0
0
0
0
0
0
0
0
0
0
0
0
0
0
0
0
0
0
3.372441053
1.208458066
0
0
0
0
0
0
0.793638349
0.680818379
0.752613962
1.289417148
4.810234547
4.034790993
0
0.281036764
0.562073529
1.425227046
2.810367584
5.058661461
0.555841923
0
5.149363041
0.475603372
5.343763351
0
0
0
0.362783521
0.106229424
0
0
0.242523804
10.74879551
0.268580049
0
0
0
0
0
0
0
0
16.86220551
14.75811958
4.65638876
32.36307144
37.56618118
7.424491405
18.05798149
4.50128603
1.408704281
7.110229492
14.05183792
38.59527588
13.29898357
0.32870993
2.557161808
10.20528507
2.363493681
4.691613197
3.744606256
53.27148056
7.787034512
38.71582413
5.248909473
3.272449732
1.388660908
0
0.927421212
0.393451452
0
0.85283035
7.741590977
1.035655022
1.875635862
9.492857933
3.083533764
21.21509743
9.489433289
6.96902132
1.614102721
32.15460205
0.398633003
0
0.899317622
0
1.946574569
3.678214073
0.414464235
19.94495773
0.883254707
22.23844719
24.1054821
0
25.77917862
25.06324387
8.850767136
17.40084457
1.467776895
0.900813997
5.491423607
0.278428912
0.159543052
0
3.057767391
1.444859982
0
0
0
0
22.00407219
77.616539
34.17011261
5.697397709
1.116801381
0
0
0
0
0
0
0
36.25753021
111.0623856
102.5924683
0
0
0
0
0
0
0
0
0
0
0
0
0
0
0
0
0
0
0
11.00400448
0
0
0
0
0
0
0
0
0
0
0
0
0
0
0
0
0
0
0
0
0
0
0
0
0
0
0
0
0
0
0
0
0
0
0
0
0
0
0
0
0
0
0
0
0
0
0
0
0
0
0
0
0
1.742427707
0
0
0
0
0
0
0
0
0
0
0
0
0
0
0
0
0.54918611
0
0
0
0
0
0
0
0
0
0
0
0
0
0
0
0
0
0
0
0
0
0
0
0
0
0
0
0
0
0
0
0
0
0
0
0
0
0
0
0
0
0
0
0
0
0
0
0
0
0
0.337332338
0.143443033
0
0
0
0
0
0
0
0
0
0
0
0
0
0
0
0
0
0
0
0
0
0
0
0
0
0
0
0
0
0
0
0
0
0
0
0
0
0
0
0
0
0
0
0
0
0
0
0
0
0
0
0
0
0
0
0
0
0
2.470242739
0
0
0
0
0.187302738
0
0
7.720129013
2.101278543
0.288623333
0
0
0
2.366754055
0
10.14542675
0
0
0
0
0
0
0
0
0
0
0
0
0
0
0
0
0
0.16235064
0
0.206445858
0
0
0
0.475084901
0
0
0
0
1.411930561
5.150225639
0
0
3.456134558
45.98803711
0.501082182
5.263072014
0.707528055
0
6.368833542
0
0
0
0
0
0
0
0
0
0
33.55196762
14.79707527
2.876510382
0
0.242523804
2.307992935
12.81441116
0
0.180389583
0.360779166
1.566301823
0.460995615
39.78943634
15.03585625
2.312966108
17.29721832
2.854462624
2.810367584
0
0
10.58555412
1.25262332
7.28215456
0
11.54655838
4.627040386
9.307987213
38.17314911
1.435917139
0.120259725
0.304750711
0.274462372
3.400544643
50.68757248
9.486740112
18.49572372
16.70554352
0
7.869029045
0.248536766
7.6723032
5.902269363
6.865193367
0
1.660010099
9.634102821
4.580769539
16.55807495
7.612868309
0
0
0
5.7050457
4.41966486
11.32578087
10.53268623
0.630383492
6.744882107
8.693722725
4.832763195
1.050639272
0
2.52451849
12.19435883
14.94335842
49.96294022
16.26236153
3.634897947
0
0
0
0
0
13.39162827
7.079169273
9.120723724
11.52914619
0
4.394535065
0.210127845
0
0
0
0
0
0
0
0.630383492
0
3.131059885
70.65786743
43.98502731
7.025918961
12.93595886
30.77781677
27.70070457
10.00076103
0
0
0
0.468256831
0
0
0
0.372689575
0
0
0
0
0
0
0
0
2.311647654
10.30967331
67.86457825
104.0543823
2.357276917
0.26584667
0
0
0
0
0
0
0
0
4.700436592
7.658055782
0
0
0
0
0
0
0
0
0
0
0
0
0
0
0
0
0
0
0
0
0
0
0
0
0
0
0
0
0
0
0
0
0
0
0
0
0
0
0
0
0
0
0
0
0
0
0
0
0
0
0
0
0
0
0
0
0
0
0
0
0
0
0
0
0
0
0
0
0
0
0
0
0
0
0
0
0
7.569272518
0
0
0
0
0
0
0
0
0
0
0
0
0
0
0
0
0
0
9.049384117
10.20959663
0
0
0
0
0
0
0
0
0
0
0
0
0
0
0
0
0
0
0
0
0
0
0
0
0
0
0
0
0
0
0
0
0
0
0
0
0
0.13829869
0
0
0
0
0
0
0
0
0
0
0
0
0
0
0
0
0
0
0
0
0
0
0
0
0
0
0
0
0
0
0
0
2.054797888
0.894780338
0
8.887001038
18.05887413
0
0
0
0
0
0
0
0
0
0.945575237
7.245043755
0.735447466
0
0
0.340735883
0.204441532
0.332718581
0
0.324701279
0
0
4.156992912
0
0
0
26.00359726
0.256554097
0
0
0
0
0
0
0
0
0
0
0
0
0
0
0
0
0
0
0
0
0
1.686220527
4.25638485
0
0
0
0
0
14.01054955
6.723801136
0
0.130281374
9.626735687
0
5.379125118
6.829154968
28.41389656
15.47070122
21.24612045
0
0
0
3.372441053
0.374809504
0
3.146521091
84.36528778
87.84857941
85.64382172
20.02292061
6.487265587
38.67538834
17.63492966
14.67755318
2.944657564
5.686673641
18.42019653
0.281036764
0
0
0.336727202
22.85541916
2.41891861
0
6.38959837
16.63947868
5.682813644
3.540202618
0.96658802
0
3.23596859
6.669420242
8.294915199
16.31679535
7.722480297
3.265235662
0
0
0
30.72660065
1.158906579
2.946987629
5.437342644
3.330839396
3.620676756
3.544065714
0.843110263
6.113681793
6.311882019
1.337607503
2.358618259
9.257164001
5.390044212
8.320665359
2.479481459
0
16.62797165
0
0
0
0
19.04617882
2.581501007
22.35960579
0
0.562073529
6.662584782
22.66348648
7.79727459
2.922781944
0
0
0
0
17.61998177
3.738673925
7.770328999
14.31817341
2.268330812
1.124147058
1.578698993
22.30155945
14.72779846
4.556433678
3.705507755
14.62761402
2.375424385
0
5.58224678
0
0
0
0
0
0
0
9.739239693
40.15209198
24.84947968
10.07974052
0
0
0
0
0
0
0
0
0
0.282610357
12.61457825
6.681676388
0
0
0
0
0
0
0
0
0
0
0
0
0
0
0
0
0
0
0
0
0
0
0
0
0
0
0
6.176102638
8.47957325
0
0
0
0
0
0
0
0
0
0
0
0
0
0
0
0
0
0
0
0
0
0
0
0
0
0
0
0
0
0
0
0
0
0
0
0
0
0
0
0
0
0
0
0
0
0
0
0
0
0
0
0
0
0
0
0
0
0
0
0
0
0
0
0
0
0
0
0
0
0
0
0
0
0
0
0
0
0
0
0
0
0
0
0
0
0
0
0
0
0
0.843110263
0
0
0
0
0
0
0
0
0
0
0
0
0
0
0
0
0
0
0
0
0
0
0
0
0
0
0
0
0
0
0
0
4.990031242
0
0
2.02346468
0
0
0
0
8.978557587
2.709563971
1.510810137
0
0
0
0
0
0
0
0
0
0
0
0
0
0
0
0
0
0
0
0
0
0
0
0
0
0
0
0
0
0
0
0
0
0
0
0
0
0
0
0
0
0
0
0
0
0
0
0
0
0
0
0
0
0
0
0
0
0
0
0
0
0
0
0
0
0
0
0
0
0
0
0
0
0
0
0
0
0
0
0
12.97961617
0.489372373
0
7.166359901
35.71097946
26.48274994
3.037740946
0
13.17080212
6.337797165
3.349925756
2.02346468
0
0
2.416916132
9.070939064
3.048941374
5.358226299
0
0
11.15224266
0
0
0.160346299
0
0
20.09444237
1.38814497
0
0.593856096
0
32.85112762
7.565302849
18.80929375
18.9174099
11.14370441
29.94212532
3.631569386
1.242483854
1.378955126
32.98344421
55.05198669
11.5573082
0
0
0
0
0
0
4.454710484
0
0
31.98052788
8.842787743
0
0
5.700908184
0.925999939
17.03433418
0
7.587992191
3.849069595
1.541478038
26.23614883
3.918414831
0.945575237
20.30656815
19.8694706
21.07179451
7.792045593
4.381709099
2.104781151
1.306483507
0
0
10.69911766
9.06948185
0
0.258558422
13.22634506
0.27316618
0
0
0
0
0
0
0
0
0
0
4.394535065
7.672295094
106.5546188
6.467687607
4.01815033
16.41844177
0
5.827353001
0
0
0
0
0
0
0
0.843110263
0
0
0
0
0
0
0
0
0
0
0
9.953680992
3.21950841
1.468605876
0
0
0
0
0
0
0
0
0
0
0
0
0
0
0
0
0
0
0
0
0
0
0
0
0
0
0
0
0
0
0
0
0
0
0
0
0
0
0
0
0
0
0
0
0
0
0
0
0
0
0
0
0
0
0
0
0
0
0
0
0
0
0
0
0
0
0
0
0
0
0
0
0
0
20.23064804
0
0
0
0
0
0
0
0
0
0
0
0
0
0
0
0
0
0
0
0
0
0.671450138
4.650830746
0
0
0
0
0
0
0
0
0
0
0
0
0
0
0
0
0
0
3.681907654
0.712627351
0
0
0
0
0
0
0
0
0
0
0
0
0
0
0
0
0
0
0
0
0
0
0
0
0
0
0
0
0
0
0
0
0
0
0
0
0
0
0
0
0
0
0
0
0
0
0
0
0
0
0
0
0
0
0
0
0
0
0
0
0
0
0
0
0
0
0
0
0
0
0
0
0
0
0
0
0
0
0
0
0
0.735447466
0
0
0
0
0
0
0
0
0
0
0
0
0
0
0
0
0
0
0
0
0
0
0
0
0
0
0
0
0
0
0
0
0
0
0.674488246
39.68867874
0
6.372523785
0.54517746
0
9.049384117
0
0
0
12.22805595
0.100216433
1.491369843
3.800679207
0
11.37940693
16.32337952
67.19208527
8.256419182
2.288380623
0
0
0
0.105063923
0.160346299
0
0
0
12.94773483
1.201290488
0
0
0
5.525038242
1.894929051
0.184398249
9.464521408
8.982414246
0.730695486
0
0
0
0
0
0
0
19.58697319
1.200053096
0
11.39941978
0.874978006
20.93252945
5.472626686
13.25633907
10.29623985
15.22362041
12.96486378
1.576185346
31.12916565
2.934717417
19.69728279
9.370819092
20.6775589
4.221696377
0
0.877265215
29.05617332
2.705739737
0.153167814
1.306483507
4.881480694
11.29321098
8.712141991
0.105063923
0
0
0
0.23754245
0
0
0
0
0.907542288
2.216052532
9.217992783
0.103124931
0
0
22.68887901
11.80354309
0
0
6.413645744
0
0
0
0
0
0
0
0
0
0
0
0
0
0
0
0
0.100216433
0
2.248294115
0
0
0
0
0
0
0
0
0
0
0
15.72344017
0
0
0
0
0
0
0
0
0
0
0
0
0
0
0
0
0
0
0
0
0
0
0
0
0
0
0
0
0
0
0
0.147089481
4.215551376
4.453882217
0
0
0
0
2.52933073
1.195017576
0
0
0
0
0
0
0
1.468222141
1.376300454
8.551527023
0
0
0
0
0
0
0
0
0
0
0
0
0
0
0
0
0
0
0
0
0
0
0
0
0
0
0
0
0
0
0
0
0
0
0
0
0
0
0
0
0
0
0
0
0
0
0
0
0
0
0
0
0
0
0
0
0
0
0
0
0
0
0
0
0
0
0
0
0
0
0
0
0
0
0
0
0
0
0
0
0
0
0
0
0
0
0
0
0
0
0
0
0
0
0
0
0
0
0
0
0
0
0
0
0
0
0
27.92829895
0
0.735447466
0
7.720129013
1.187712193
0.840511382
0
0
0
0
0
0
0
0
0
0
0
0
0
0
0
0
0
0
0
0
0
0
0
0
0
0
6.76995945
0
0
0
0
0
0
0
0
0
0
0
0
0
0
0
0
0
0
0
0
32.42454147
0
0
0
0
0
0
0
0
0
0
0
0
0
0
0
0
0
0
0
0
0
0
0
0
0
0
1.405183792
2.810367584
1.686220527
0
0
0
0
0.208450183
15.57658863
8.451146126
9.639000893
0
0.950169802
0
0
0
0
0
0
0
0
1.461390972
10.09357929
2.054301739
3.348214865
2.891555309
22.29328918
0
1.742427707
6.093859196
2.969280243
10.79439735
0
3.637736559
2.304501295
2.625545025
11.80148983
9.53626442
9.572372437
0.716148436
0
0
0
1.236561775
0
3.835814476
24.68512917
9.547607422
5.79186821
7.580488682
13.88342953
0.376356989
0
6.974017143
9.091165543
3.761539221
8.150066376
66.00422668
3.353188276
3.950231552
15.62919044
5.04438591
24.09353065
0
0
5.795145988
3.362121344
15.2803812
0.880503297
21.68159485
41.16620255
10.29009056
0
50.71334457
3.434228897
3.361181021
31.72800827
18.52481651
13.93829632
7.659801483
13.45870686
13.648736
4.144286156
0.356313676
0.896829009
14.46254444
7.987918854
7.213554382
10.34220886
0
0
0
7.126273155
1.54402566
8.921390533
5.024043083
0
1.306483507
0
20.71661758
38.6151123
26.10912895
15.55021667
0
0
0
0
0.315191746
3.728754759
1.54402566
0.281036764
0
2.544392109
0
0
0
0
4.218743801
0
0
0
0.769662261
3.681907654
0
0
0
0
0
0
0
0
0
0
0
0
0
0
0
0
0
0
0
0
0
0
0
0
0
0
0
0
0
0
0
0
0
0
0
0
0
0
0
0
0
0
0
0
0
0
0
0
0
0
0
0
0
0
1.662796974
0
0
0
0
0
0
4.310898781
0
0
0
0
0
0
0
0
0
0
0
0
0.562073529
0
0
0
0
0
0
0
0
0
0
0
0
0
3.406595707
2.494195461
0
0
10.4757061
0
8.907841682
0
1.365831017
0
0
0
0
0
0
0
0
0
0
0
0.200432867
3.301101446
11.40753555
8.386212349
9.557020187
0
0
1.264665365
0
0
0
0
0
0
0
0
0
0
0
0
0
0.772461236
0
0
0
0
0
0
0
0
0
0
3.4567523
0.831398487
0
0
0
0
0
0
0
0
0
0
0
0
0
0.300649315
3.31188035
1.050639272
7.040941715
0
0
0
0
0
0
0
0
0
0
0
0
0
0
0
0
0
0
0
0
0
0
0
0
0
0
0
0
0
0
0
0
0
0
0
0
0
0
0
0
0
0
0
0
3.51295948
0
0
0
0
0
0
0
0
0
0
0
0
0
0
0
5.463475704
0
0
0
0
0
0
0
0
0
0
0
0
0
0
0
0
15.04683685
2.428855896
1.083199024
0
0
11.84319878
11.87712097
15.79732609
16.91149902
0
0
0
43.14437103
157.8479156
78.15911102
1.714071512
0
0.281036764
0
0
0
15.25403976
0.907819748
5.104444027
9.453269958
0.840511382
26.44766998
53.00130463
33.81386566
18.54169846
0
0
3.850068092
8.567033768
39.50130081
122.2046738
36.88414001
24.44469452
0.240519449
5.346353531
8.970723152
28.35844803
13.93034172
20.68526268
1.926739931
2.587855816
0
0
2.877480984
12.07598972
5.92152071
38.49132538
2.850509405
5.58224678
2.432319403
14.33192348
5.669058323
1.994061589
2.292798758
6.917882442
28.90058136
21.82631302
4.895037651
1.911049962
0
4.545710564
0.320692599
92.21772003
43.59132385
5.771821022
27.45526314
9.838838577
1.763905168
7.269159317
0
0.546332359
0.315191746
0.23754245
41.11856461
9.055187225
0.445799828
23.18148041
70.45928192
0.757499814
0
0
0
0
0
0
0
0
0
0
0
0
0
0
0
0
9.555249214
0.612181723
1.330908179
0.251183927
0
0.491861463
6.752812862
0.588357925
0.276597381
0
0
0
4.029862404
1.824369907
0
0
0
1.891150475
0
0
7.419369698
0.344744563
5.612881184
12.51942348
1.742427707
0
0
0
0
0
0
0
0
0
0
0
0
0
0
0
0
0
0
0
0
0
0
0
0
0
0
0
0
0
0
0
0
0
0
0
0
0
0
0
0
0
0
0
0
0
0
0
0
0
0
0
0
0
0
0
0
0
0
0
0
0
0
0
0
0
0
0
0
0
0
0
0
0
0
0
0
0
0
0
0
0.281036764
0
10.0955534
0
0
0
0
0
0
0
0
0
0
0
0
0
0
0
0
0
5.880078316
0
0
0
0
0
0
0
0
0
0
0
0
0
0
0
0
0
0
0
0
0
0.360779166
0
0
0
0
0
0
0
0
0
1.781568289
0
0
0
0
0
0
0
0
0
0
0
0
0
0
0
0
0
0
0
0
0
0
0
0
0
0
0
0
0
1.124147058
0
0
0
0
0
0
0
0
0
0
0
0
0
0
0
0
0
0
0
0
0
0
0
0.120259725
0
0
0
0
0
0
0.240519449
0.200432867
0
0
1.405183792
0.160346299
0
0
0
0
0
0
0
8.290153503
1.403030157
48.19275665
1.152250648
10.11732292
0
0
0
0.562073529
0
0
0
3.947916746
0
0
0
0
0
0
0
13.90657043
0
0
0
0
0
0
0
4.55279541
0
0
0
0
0
0
44.65862656
84.00224304
29.26642418
14.79519272
0
0
0
0
0
0.100216433
0.240519449
0
0
0
2.52933073
0.300649315
0
0.105063923
1.260766983
0
0
11.29767799
0.562073529
0
0
0
0.180389583
4.921634674
12.83128452
3.780561209
9.318145752
6.798347473
0.359286994
0.396857083
4.304986
14.09730148
30.22129822
13.65175247
5.216880322
0
0.623552561
0.126076713
0.168363601
31.22468185
25.56930733
17.1527729
6.995727062
3.59773469
0
0
0
0
0
0.356313676
10.09539223
20.75466347
9.029784203
8.931647301
0.662289977
0
0
4.929005623
1.254195929
2.178935051
11.74733639
20.29576111
90.89131927
55.83903122
9.44879055
15.85725689
10.73700142
19.14453888
11.61173248
0
0.309140444
28.44408607
3.466610432
29.24795341
13.4361887
29.87895966
1.122462749
0
0
0
3.244196415
4.129161358
7.031225204
1.686220527
0.200432867
1.307971835
16.45636749
8.468114853
0
0
6.900308132
15.17473793
0.393279165
1.432572126
3.418471098
12.7389822
5.185791969
2.388638735
34.63092041
2.6162467
9.451503754
34.90920258
0
1.325418711
15.29789448
1.249603033
1.952380657
0
2.009959698
0
29.28207779
7.199235439
0
0
0
0
0
0
0
0
0
0
0
0
3.563136578
0
0
0
0
0
0
0
0
0
0
0
0
0
0
0
0
0
0
0
0
0
0
0
0
0
0
0
0
0
0
0
30.57534218
2.537086725
0
0
0
0
0
0
0
0
0
0
0
0
0
0
0
0
0
0
0
0
0
0
0
0
0
0
0
0
0
0
0
0
0
0
0
0
0
0
0
0
0
0
0
0
0
0
0
0
0
0
0
0
0
0
0
0
0
0
0
0.252153426
0
0
0
0
0
4.105639935
0
0
0
38.34642029
0.281036764
0
0
0
0.281036764
0
0
0
0
0
0
0
0
0
0
0
0
0
0
0
0
0
0
0
0
0
0
0
0
0.96658802
0
0
0
0
0
0
0
0.325698137
18.15288544
0
0
0
0
0
0
0
0
0
0
0
0
0
0
0
0
0
0
0
0
0
0
0
0
0
0
0
0
0
0
0
0
0
0
0
0
0
0
0
0
0
0
0
0
0
0
0
0
0
0
0
0
0
0
0
0
0
0
0
0
0
0
0
0
3.51295948
0
0
0
0
0
0
0
0
0
0
0
0
0
0
0
0
0
2.402638674
0
0
0
0
0
0
0
0
2.532040358
0
0
13.29919815
31.20518303
2.801834345
0
0
0
17.86442757
3.515462637
0.661902726
0
0
0
24.91769218
23.80808067
1.343485355
0
0.593856096
0
0
15.27785397
6.532417297
1.192456961
0.525319636
0
0
1.124017835
13.62690735
10.46749592
1.24024415
0
0
0
3.325789452
0.354989618
17.41732407
11.14818954
15.0895586
7.00824213
4.394160271
3.947573423
0.930836856
0
0
0
0
0
0.105063923
0
12.97698307
3.280779123
1.918151379
0
0
0
0
0.281036764
0
65.5406189
12.85670471
11.03043842
3.021812201
0
0
0.712627351
13.09129429
7.115240097
21.47317696
16.36423874
2.414248943
18.8818264
3.115698576
0
0
0
2.810367584
0.682333231
1.124147058
0
0
0.421196431
1.324579954
3.681907654
2.8905406
4.788570404
0
0.546723068
0
3.248784065
4.434821129
5.572872639
7.237905025
10.14921761
51.77183914
13.89068985
14.10822678
3.723536968
19.17275047
35.02327728
15.15616417
18.06034851
0.441268474
0.105063923
3.407271862
3.203095436
7.417516708
3.888125181
2.892458916
11.99589348
2.962802887
11.04267406
0
0
0
0
0
2.810367584
6.085392952
2.773781061
11.8352747
0
15.94564152
0.210127845
0
0
0
18.98164177
20.59505844
4.995660305
0
11.24147034
0
0
0
0
0
0
0
0
0
0
0
1.336316109
0
0
0
0
0
0
0
0
0
0
0
0
0
0
0
0
0
0
0
0
0
0
0
0
0
0
0
0
0
0
0
0
0
0
0
0
0
0
0
0
0
0
0
0
0
0
0
0
0
0
0
0
0
0
0
0
0
0
0
0
0
0
0
0
0
0
0
0
0
0
0
0
0
0
0
0
0
0
0
0
0
0
0
0
0
0
0
0
0
4.973412991
26.69254875
0
0
0
12.83861732
9.700634956
0.82620883
0
0
0
0
0
0
0
0
0
0
0
0
0
0
0
0
0
0
0
0
0
0
0
0.225567162
0
0.914550662
3.237579346
0
0
0
7.399064064
0.778883159
0
0
0
0
0
0
0
0
0
0
0
0
0
0
0
0
0
0
0
0
0
0
0
0
0
0
0
0
0
0
0
0
0
0
0
0
0
0
0
0
0
0
0
0
12.8961792
0.778883159
0
11.64824104
6.287229538
0.633164763
31.43185425
7.703865051
0
0
0
0
0
0
0
0
0
0
0
0
0
8.072060585
0
5.771903515
0
0.908829689
0.633426726
2.80234313
0
0
11.97346592
0
0
0
4.602491379
0
8.850944519
32.4342308
0
0
0
0
0
2.837547064
12.59102821
0
16.85219955
0
21.11382103
1.628573775
10.62200165
0.141615108
32.72103119
18.44360542
1.220337152
6.562173367
39.35022354
0
0
0
0
0
9.962480545
11.47294235
0.991305768
0.638033688
6.517354488
0
2.789467096
3.710489035
21.86286354
2.683829069
54.00407791
11.31203175
11.15433121
8.144900322
10.58100796
4.689907074
59.87871552
36.74151611
17.13533783
36.49988556
3.493949413
22.29487419
1.611892939
2.553057909
1.230824232
52.80860901
14.58661175
1.644445539
3.126014233
0
22.00035667
63.67861938
22.86552048
11.53880787
11.29870892
7.871452332
15.83819866
27.35119438
3.681992769
4.277013779
16.45261955
23.1720047
1.220115423
1.236256957
0
1.884076118
89.1530838
14.32241917
3.278562546
1.297058344
9.281609535
1.220416188
1.8164922
13.22694016
43.5405159
14.38340378
4.742873669
9.343868256
1.522233009
23.42761421
1.268257976
19.43153
2.942742586
1.014126778
20.31328773
47.62011719
12.1031847
0
0
0.161896601
0
0
7.946196079
15.2104063
0.993355751
20.15884972
20.85806847
2.757927179
70.91816711
1.152674437
0.96480602
0
5.912650108
30.04303551
9.541680336
4.515264034
0.136504516
3.319424152
2.03483057
0
0
0
0
0
0
0
0
0
0
0
0.424119502
0
4.254645348
0.636349082
0
17.30851364
15.92060375
67.79304504
3.548354387
0
0
2.445938349
0
0
0
0.812671423
0
0
0
0
0
0
16.31957436
0
4.168865681
0
0
0
0
0
0
0
0
0
0
0
0
0
0
0
0
0
0
0
0
0
0
0
0
0
0
0
0
0
0
0
0
0
0
0
0
0
0
0
0
0
0
0
0
0
0
0
0
0
0
0
0
0
0
0
0
0
0
0
0
0
0
0
0
0
0
0
0
0
0
0
0
0
0
0
0
0
0
0
0
0
0
0
0
0
0
0
0
0
0
0
0
0
0
0
0
0
0
0
0
0
2.022961378
13.88371944
0
0
0
0
0
0.652945757
9.233894348
2.74519515
0
0
0
0
0
0
12.25851536
14.44217777
0
0
4.219608784
2.569031477
0
0
0
0
0
0
0
0
0
0
0
0
0
0
0
0.769736052
0.374920309
0
0
0
0
0
0
0
0
0
0
0
0
0
0
0
0
0
0
0
0
0
0
0
0
0
0.283230215
0
0
0
0
0
0
0
0
9.800497055
2.219335794
0
0
0
0
0
0
0
0
0
0
0
0
0
0
0
0
0
0
0
0
0
0
0
0
0
0
0
0
0
0
0
0
0
0
0
0
0
0
0
0
1.699381471
5.735412598
0
0
0
0
0
0
0
0
0
0
0
0
0.566460431
0
0
0
0
0
0
0
0
0
0
0
0
0
0
0
0
0
1.132920861
14.6592617
24.17124939
0
7.151563644
0
0
0
1.274536014
0.849690735
0.283230215
1.822320819
26.99377823
13.41140366
7.520295143
9.332315445
13.51983833
11.50767899
9.169614792
0
3.320200443
4.504650116
41.63876724
9.345783234
11.85836124
100.7994995
1.961275697
0
0
0
0
0
0
0
0.275402933
0
0
0.330483526
0
0
0
0
21.59630585
3.918259382
10.25334644
106.6424637
16.51116371
4.361689568
4.839294434
3.666418552
33.80759811
9.366103172
52.46126938
39.93896103
0
0.749780476
0
1.41346705
14.33979702
16.42735481
4.486455441
6.156070709
33.7132988
27.5202713
54.24467468
2.160017729
36.24930573
3.957476139
0.307531834
0
0
0
5.449039936
16.85017776
1.843691349
18.09633064
3.471825361
17.63108253
0
8.400149345
25.40756607
84.20116425
11.60513115
0
3.437563181
0
0.537395597
0
0
0
0
0
23.4444294
2.778948545
4.27790451
4.36948204
0
0
0
0
0
0
0
0
0
21.96946526
0
13.54276466
8.791500092
0
0
0
0
0
0
0
0
0
0
0
0
0
0
0
0
0
0
0
0
10.62658691
0
0
0
0
0
0
0
0
0
0
0
0
0
0
0
0
0
0
0
0
0
0
0
0
0
0
21.29404831
5.866690636
0
0
0
0
0
0
0
0
0
0
0
0
0
0
0
0
0
0
0
0
0
0
0
0
0
0
0
0
0
0
0
0
0
0
0
0
0
0
0
0
0
0
0
0
0
0
0.36152035
0
0
0
0
0
0
0
0
0
0
0
0
0
0
0.232992321
5.002603531
0
0
1.062113404
0
0
0.828908622
0
3.408113718
0
0
0
0
0
0
0
0
0
0
0.141615108
0
0
0
0
0
0
0
0
0
0
0
0
17.13542938
2.423545837
0
0
0
10.83362865
0
0
0
0
0
0
0
0
0
0
0
0
0
0
0
0
0
0
0
0
0
0
0
0
0
0
0
0
0
0
0
0
0
0
0
0
0
0
0
0
0
0
0
0
0
0
0
0
0
0
0
0
0
0
0
0
0
0
0.646121919
0
0
0
0
0
0
0
0
0
0
0
0.472036421
0
0.539672732
0
0
0
0
0
0
0
0.11882703
0
0
0
0.586708486
0
0
14.30312729
1.132920861
4.822813988
0
0
0
0
0.356135041
0
1.542256474
17.02601624
32.34771347
0
0
0
0
18.81868362
0
6.089449883
0.111787386
22.23843384
0
2.549072027
8.780137062
12.39132309
16.73549652
5.032825947
24.37708473
3.538967848
0.153132066
0
0
1.746183634
1.110671759
0.359117091
4.116919041
18.31400108
0
0
0.70238322
5.681164265
6.59693861
1.21812892
1.032946229
2.081664562
0
0
1.567655563
15.48427963
1.679503918
0
5.167336941
11.91540623
13.49117088
30.06056786
8.125338554
7.980237484
13.36343861
1.830055714
15.56117725
22.37561989
19.61095047
28.60515213
38.19934464
0
0
0.62180841
0
0
12.82908344
21.25890541
17.19181252
11.61874771
0.390523046
1.952305198
0.503872812
40.14126205
37.45680618
10.25313759
0.110055827
13.01233196
7.460917473
0.467306197
0.341766685
1.413889647
2.201127291
15.10427761
1.970240474
0.500368893
4.12205267
22.50083923
8.248343468
48.58568573
1.854955196
0.272404939
0
11.21760273
17.66887856
7.450187206
0.871888697
1.123512745
3.97587204
2.319510221
3.171450615
17.65851974
7.472844601
0
0
0
1.715079069
0
1.331759334
24.90769196
16.26163864
19.9202404
5.709834576
0
6.66089201
1.960090399
11.45427895
0.132116333
1.096711397
6.841949463
0.634731352
0
0
0
1.301008582
0
2.044442177
0
92.04024506
31.44822884
0
0
0
0
0
0
0
0
0
0.731140912
28.24024582
0.371716738
0
0
0.130174354
0.371716738
0
0
0
0
0
0
0
0.169155404
0
0
0.424845368
1.982611537
1.203728557
0
0
0
0
0
4.599822521
0
0
0
0
0
0
0
0
0
0
0
0
0
0
0
0
0
0
0
0
0
0
0
0
0
0
0
0
0
0
0
0
0
0
0
0
0
0
0
0
0
0
0
0
0
0
0
0
0
0
0
0
0
0
0
0.256849736
0
0
0
0
0
0
0
0
0
0
0
0
0
0
0
0
0
0
0
0
0
0
0
0
0
0
0
0
0
0
0
0
0
0
0
0
0
0
0
0
0
0
0
0
0
0
0
0
0
2.331338167
0
0
0
0
0
0
0
0
0
0
0
0
0
0
0
0
0
0
0
0
0
3.94436121
0.747034192
0.149169758
0
0
0
0
0
0
0
0
0
0
0
0
0
0
0
0
0
0
0
0
0
0
0
0
0
0
0
0
0
0
0
0
0
0
0
0
0
0
0
0
0
0
0
0
0
0
0
0.999144912
0.666096628
1.332193255
0
0
0
0
0
0
0
0
0
0
0
0
0
0
0
0
0
0
0
0.126076713
0.275806725
0
0
0
0
0
0
0
0
0
0
0
17.72645569
42.49504852
21.47975159
0
0
5.937286854
0
0
0
0
0
0
0
1.368143678
32.59638596
16.98792839
48.9235878
5.781936169
0
0
1.468749046
30.88319778
5.488725662
5.814302444
13.77795219
6.235488892
9.067318916
31.30067825
33.33156586
9.972868919
16.54375267
9.457686424
3.178899765
0
0
0
0.737338543
9.777510643
7.545991421
11.32642078
26.70405006
6.601798534
1.070682526
0
1.909845352
19.89417839
4.622812748
0
14.74719429
23.67586136
9.929428101
2.815175533
0
26.16818237
5.241527557
0
20.57662964
47.08414841
33.38526154
12.4049778
23.63150978
1.457296252
0
2.784157038
22.51252937
6.235488892
2.994321823
2.931209803
20.74516296
8.737226486
0
40.9496994
22.23952675
0
0
0
0
0
0
0
0
0
0
5.337975502
0.212458849
0
1.452856898
1.433244348
0
1.283631802
0
5.339698315
0
0
0
8.643561363
0
0.324701279
11.24147034
0
0
5.620735168
0
0
2.438200951
0
6.463901997
0
0
0
0
2.30963707
0
0
0
0
0
0
0
0
0
0
0
0
0
0
0
1.405183792
16.74796295
85.26886749
0
0
0
0
0
0
0
0
0
0
0
0
0
0
0
0
0
0
0
0
0
0
0
0
0
0
0
0
0
0
0
0
0
0
0
0
0
0
0
0
0
0
0
0
0
0
0
0
0
0
0
0
0
1.555879354
0
0
0
0
0
0
0
0
0
0
0
0
0
0
3.6758461
0
0
0
0
0
0
0
0
0
0
0
0
0
0
0
0
0
0
0
0.366949022
1.085434794
1.053415418
0
0
0
0
0
0
0
0
3.114717007
0
0
0
0
0
0
0
0
0
0
0
0
0
0.69039005
0
0
0
0
0
0
0.60515672
0
0
0
0
0
0
0
0
0
0
0
1.547567606
3.9147048
0
4.080039501
1.774625897
2.083256483
0
0
0
0
0
0
0
0
0
0
0
0.437531143
0.352297813
6.343681335
0
0
0
0
0
0
0
0
0
0
0
0
0
0
0
0
0
0
0
0
0
0
0
0
0
0
0
0
0
0
0
0
0
0
0
0
0
0
0
0
0
0
0
0
0
0
0
0
0
0
0
0
0
0
0
0
2.857738733
6.102628708
0
0
0
0
0
0
0
0.281036764
4.019395351
0.475084901
0
0
0
0
0
0
0
0
0
0
0.128277048
0
0
0
0
0
9.023043633
10.80087948
35.3806839
0.562073529
0
2.70843029
4.335149765
0
0
0
1.994027138
12.26288128
5.138834953
26.43342781
1.53031671
0
0
31.65505409
2.494195461
0.421555132
4.079780579
2.858471394
8.559379578
3.070879936
2.672352314
19.5147953
6.871212006
41.18463898
48.54917526
44.01049805
24.75001907
5.884862423
2.187763929
0.176380932
23.07784271
1.444839597
0.172372282
12.7250452
16.4219532
6.670431614
0.593856096
50.48575211
0.300649315
0
0
0
0
3.947483063
2.068883419
1.203806996
2.089383125
0
7.785680294
0
2.640569925
0.843110263
3.55307579
6.533213139
0
17.77955818
6.297919273
9.250846863
13.57377529
0.621341944
4.88886404
0
29.022089
8.448992729
0
4.243612289
0
2.281162024
12.58975029
0
0
0
0.112414703
0.168622062
1.172250867
3.976059198
14.77832413
25.88434792
5.329562187
4.221666813
14.81748486
15.32167625
14.08617592
10.69019985
0
8.99317646
0.394814819
0.261690289
0
1.686220527
0
0
0.712627351
29.52199364
1.082337499
55.70505142
16.71482849
0
0
0.140518382
11.24147034
4.038221836
0
1.781568289
0
0.104225092
19.52658272
21.84577751
6.182808399
0
0
0
0
0.300649315
1.663592935
0
0
14.35248661
0.200432867
1.633201122
0.621341944
0
1.826173306
0
1.423073411
0
0.154137313
0
0.38082245
0
0
0
0
0
0
0
0
0
0
0
0
0
0
0
0
0
0
0
0
0
0
0
0
0
0
0
0
0
0
0
0
0
0
0
0
0
0
0
0
0
0
0
0
0
0
0
0
0
0
0
0
0
0
0
0
0
0
0
0
0
0
0
0
0
0
0
0
0
0
0
0
0
0
0
0
0
0
0
0
0
0
0
0
0
0
0
0
0
0
0
0
0
0
0
0
0
0.585321009
5.130442619
0
0
0
0
0
0
0
0
0
0
0
0
0
0
0
0
0
0
0
0
0
0
0
0
0
0
0
0
0
0
0
0
0
0
0
0
0
0
0
0
0
0
0
0
0
0
0
0
0
0
0
0
0
0
0
0
0
0.48119697
0.333138019
0
0
0
0
0
0
0
0
0
0
0
0
0
0
0
0
0
0
14.372962
0
0
0
0
0
0.493800402
0
0
1.124147058
0
0
0
0
0
2.078496456
1.967257261
0
0
0
0
41.19570541
0
0
0
3.372441053
2.2726264
0
0.712627351
4.215551376
0
3.879308224
0
0
0
0
0
0
0
0
0
0
0
0
22.340271
0.562073529
0.562073529
0
0.281036764
22.19766808
0
0
2.311406374
0
5.828038692
0.120259725
7.974993229
0
0
0.296928048
0
0
0
7.91195488
0
3.367272377
1.124147058
10.95887184
3.663352966
1.405183792
0.270257711
1.306483507
0
0
12.56275082
2.52933073
12.52270603
0
6.604363918
26.55395317
1.124147058
2.930627108
8.579188347
1.405183792
29.34508324
3.905180216
2.538962841
2.047430277
3.476093054
0.100216433
0
0
0
0
0
6.299263477
20.28126144
21.40484428
0.290300995
2.519605398
0
1.722926855
0
0.375321597
12.52293873
22.04547691
0
13.25387573
2.25829196
12.83452225
45.22540283
36.51029968
14.25276375
5.652612209
1.181310415
16.10245323
9.077805519
34.93844604
3.137041807
31.8998394
6.532417297
0.410560697
19.39151382
0
0
0
0.112661824
0.292239994
0
0
1.451251984
1.742970109
0
0.762506366
1.782514334
0
0
8.14746666
63.13211441
0
0.621341944
7.94157505
21.61551285
3.449687004
12.8215065
8.114300728
77.98376465
27.76868439
17.77217674
46.87180328
11.75382996
16.95186424
0
0
1.425254703
0
0
7.587992191
0
0
0
0
0
0
0
0
0
0.6934219
10.5021019
0
0
0
0
0
0
0
0
0
0
0
0
0
0
0
0
0
0
0
0
0
0
0
0
0
0
0
0
0
0
0
0
0
0
0
0
0
0
0
0
0
0
0
0
0
0
0
0
0
0
0
0
0
0
0
0
0
0
0
0
0
0
0
0
0
0
0
0
0
0
0
0
0
0
0
0
0
0
0
0
0
0
0
0
0
0
0
0
0
0
0
0
0
0
0
0
0
0
0
0
0
0
0
2.41509676
0
0
0
0
0
0
0.399242908
0
0
0
0
0
0
0
0
0
0
0
0
0
0
0
0
0
0
0
0
0
0
0
0.200432867
0
0
0
0
0
0
0
0
0
0
0
0
0
0
0
0
0
0
0
0
0
0
0
0
0
0
0
0
0
0
0
0
0
0
0
0
0
0
0
0
0
0
0
0
0
0
1.334311843
0
0
0
0
0
0
0.48329401
7.081897736
12.58677387
3.291564465
0
0
8.962244034
0
0
0
0
0
0
0
0
0
9.382926941
8.657880783
0
0
0.105063923
0
1.276895404
2.066612244
24.09654999
2.990756989
1.39816165
0
0
0
0
0
0.13658309
0
0
0
2.810367584
0
0
0
1.124147058
6.773081779
0
0
0
0
0
0
0
0
0
0
1.978426695
0
0.630400479
4.028342724
14.1096735
0
0
3.099778414
6.421243191
1.797948241
10.44128418
2.945215225
4.995604992
0
1.28424871
0.541295946
6.76995945
47.62857056
21.58257484
8.707699776
27.42396736
2.466783524
16.91080284
27.05326843
3.75769949
12.7586441
0.585321009
3.747127295
18.0368824
9.554201126
1.375080228
8.219191551
10.51377773
17.10601997
23.24639702
11.00774097
8.167431831
0
40.45665359
30.25599289
50.72696304
15.64358711
7.909582615
0
26.00476074
3.082196712
2.758807182
5.757743359
4.769992352
3.846188784
10.5601759
7.159629345
68.53128052
43.50414658
12.86992455
6.607111931
1.449581861
3.466792107
33.06428146
31.65401649
32.40462875
20.05020332
10.15438461
7.884967804
0.4850097
0
0
5.098626614
2.309249878
2.772715569
16.67101097
0
0
0
0
1.755963206
2.507223129
1.836524963
0.819449425
0.735444069
0
0.491669655
1.538289547
1.562644601
0.383581161
0.134802625
0
4.425157547
3.001992941
22.67724228
0.317835718
0
0.114978708
1.013723731
13.30875683
9.917090416
21.12537003
1.102729917
4.289450169
5.599807739
0
0
0
0
0
1.818786263
0
0.24250485
0
0
1.855628371
0
1.252871394
16.41496468
45.87644958
11.96746826
25.30307579
0
1.480460644
6.997507572
6.514194012
30.18323135
0
0
0
0
0
1.686220527
2.52933073
1.861741424
0
0
0
0
0
8.504776001
0
0
0
0
0
0
0
0
0
0
0.82177484
0
0
0
0
0
0
0
0
0
0
0
0
0
0
0
0
0
0
0
0
0
0
0
0
0
3.5420959
0
0
0
0
0
0
0
0
0
0
0
0
0
0
0
0
0
0
0
0
0
0
0
0
0
0
0
0
0
0
0
9.083651543
0.911300421
6.572628021
0
0
0
0
0
0
0
0
0
0
0
0.843110263
0
0
0
0
0
0
0
0
0
0
5.344704628
0.476507604
0
3.372441053
0
0
0
0
0
0
0.475084901
0
0
0
14.08353329
0
0
0
3.435101986
0
0
0
0.632146716
7.515904903
0
0
5.880718708
15.57853317
6.864881039
0
0.256849736
0
0
0
0
0
0
0
0
0
0
0
0
1.102729917
0
0
0
0
0
0
12.08356571
1.455029011
0
0
0
0
1.212524176
1.242434859
1.797948241
0
0.107049145
1.335618615
0
0
0
0
0
0
0.715595126
0.513699472
0
0
0
0
0
0
0
0
0
0
0
0
0
0
0
0
0
0.100216433
0
6.294875145
6.483889103
0
0
0
4.849521637
1.405183792
0
0
0
0
6.253752708
2.969280243
11.10966492
41.19523239
30.83050537
14.71384716
17.67861176
5.939504147
25.67505264
3.918470621
0
0
9.186582565
0.504306853
11.76015854
2.332419157
0.126076713
29.01440811
1.187712193
0
1.686220527
0
1.187712193
0
0
0
0.90354979
0
0
0
0.356313676
0
0
0
0
0.378230095
1.124147058
0.240519449
0.977094471
0
1.485356927
1.980860472
20.61474609
3.994644165
0
0.843110263
0
0
0
0
0
0
0.460995615
6.247945309
55.13560104
49.39725876
28.58258629
19.06379318
2.311859131
0
0.360779166
3.419738054
0
0
0.180389583
2.396437168
35.22320175
0.324570596
1.405183792
5.595878124
9.735776901
0.100216433
2.151655436
10.86339664
0.357217342
7.236684799
32.38883591
7.349557877
26.13641739
0.753682494
13.289011
48.47891617
0
10.4013834
1.930748582
0.280214012
0.609370768
2.810367584
21.24659348
63.10840988
13.92804813
5.546802521
6.253752708
2.969280243
13.41765785
44.88750458
41.36701584
16.84145164
19.42496109
3.450691223
24.53570747
12.42974567
0
5.901340961
14.80731773
2.57662797
16.67765617
2.472722054
0.206249863
38.6280632
1.211764216
0
0
0
1.187712193
0.180389583
1.537469506
0
1.043852806
0
0
0
0.356313676
36.78984833
34.73861694
6.177509308
1.306483507
0.420255691
0.210127845
10.86116505
2.248294115
0
0
2.248294115
0
4.449624062
33.21456146
0
5.645014763
1.765073895
17.4387455
0
1.781568289
1.187712193
2.355636835
0.260562748
0
0
27.62547302
42.00185013
5.409561157
0.754202366
0.34901163
0.260562748
2.969280243
0
24.36685371
79.81561279
3.937488794
0
0.404874414
5.620735168
0.521125495
0
0
2.810367584
0
0
0
0
0
3.043128014
0
0
0
0
1.180354238
0
0
0
0
0
0
0
0
0.120259725
0
0
0
0
0
0
0
0
0
0
0
0
0
0
0
0
0
0
0
0
0
0
0
0
0
0
0
0
0.142242
0.726302564
0
0
0
0
0
0
0
0
0
0
0
0
0
0
0
0
0
0
0
0
0
0
0
0
0
0
0
0
0
0
0
0
0
0
0
0
0
0
0
0
0
0
0
0
0
0
0.126076713
0
7.240706444
0
0
0.264571398
0
0
0
0
0
3.479912996
1.194820166
0
0
5.051497936
0
0
0
0
0
12.19417381
0
0
0
0
0
0
0
0
0
0
0
9.170010567
0
0
0
0
0
0
0
0
0
0
0
0
0
0
0.315191746
0
0
0
0
0
0
0
0
0
0
0
0
0
0
0
0
0
0.160346299
0
0
0
0
0
0
0
0
0
0
0
0
0
0
0
0
0
0
0
0
0
0
0
0.840511382
0
0
0
0
0
0
0
0
4.156992912
0
0
0.220476165
0
0
0
0
0
0
0
0
0
0
0
0
0
0
0
0
0
0
0
0
0
0
0
0
0
0
0
0
0
0
0
0
0
0
0
2.416916132
0
0
0
0
0.368796498
0
0.304657966
0.364787847
0
0.591107011
0
0
0
0
7.823322773
0
34.20610809
0
23.47221375
0.774704695
1.324149251
0
2.641745329
6.410926342
26.78115273
7.854494095
0
0
3.681907654
0
11.29643917
2.375424385
0
0
0
0
14.74533176
2.990603924
28.80778313
26.71933174
21.11751938
34.05776215
55.18415451
38.13087463
3.888555288
13.79006577
0.843110263
40.42823029
0
31.43429947
6.268994331
0.843110263
8.954959869
21.96353149
0.291270524
2.196953058
0
0
4.046670914
6.565876007
0.144311666
1.372683764
12.61626434
19.55098343
1.489365578
0.106229424
19.06545448
3.23596859
17.42427826
2.810367584
0
4.473650455
71.82870483
54.13646698
0
3.0914042
0
0
0
0
0
0
0
0
0
0
0
0
0
7.840388775
11.43963718
0
0
0
0
0.148320332
0.10823375
0
3.51295948
9.381131172
0
0
0.582671583
0
0
5.339698315
1.686220527
17.56479645
0
0
0
0
7.925236702
7.190196514
37.41293335
7.923943996
3.108258724
11.46895504
2.416470289
0
27.37119675
15.58963585
0
0
0
0
0
0
0
0
0
0
0
0
0
0
0
0
0
0
0
0
0
0
0
0
0
0
0
0
0
0
0
0
0
0
0
0
0
0
0
0
0
0
0
0
0
0
0
0
0
0
0
0
0
0
3.903692245
11.45246315
1.471988916
0
0
0
0
0
0
0
0
0
0
0
0
0
0
0
0
0
0
0
0
0
0
0
0
0
0
0
0
0
0
0
1.961351395
0
0
0
0
0
0
0
0
0
1.405183792
0
0
0
0.843110263
0
0
0
0
0
0
0
0
0
0
0
0
0
0
0
0
0
2.689919949
3.770148039
12.17677879
0
0
0
0
0
0
0
0
0
0
0
0
0
0
0
0
0
0
0
0
0
0
0
0
2.569417477
0
0
0
0
0
0
0
0
0
0
0
0
0
0
0
0
0
0
0
0
0
0
0
0
0
0.140303016
0.871213853
0.815006614
4.528657436
0
0
0
0
0.38082245
2.52933073
0
0
0
0
0
0
0
0
0
0
0
0
0
0
0
0
0
0
0
0
0
0
0
0
0
0
0
0
0
0
0
0
2.304501295
0.252153426
0
0
0
0
0
0
0
0
0
0
0
0
0
0
0
0
0
4.384173393
1.405183792
1.790101647
120.3261719
0
4.713797092
16.33918571
4.234498501
0.193195581
0
0
11.72796249
44.36824417
8.930552483
2.900204182
4.181096077
0
0
0
1.956888795
1.011732221
9.258916855
10.03049469
58.51068115
40.82817841
5.852778435
0.292188466
1.729260683
2.767433643
0
0
7.141983032
17.51490021
3.649483919
6.654808521
0
1.248329282
4.2180686
17.31038475
4.201025009
5.81673193
22.48551941
25.11215782
4.378517151
9.204701424
26.01188087
1.721181393
4.335149765
2.25883007
3.232396364
22.21911049
9.530260086
1.970806956
6.532417297
9.487779617
25.28092003
1.26985991
1.900941968
0
1.900339603
0.24653244
2.629368544
9.476647377
1.995446682
0.714434683
0
7.025918961
7.212434769
11.98661327
0.77670902
0
0.124268383
38.12614059
45.05264282
7.126273155
12.69869804
4.446906567
2.20634222
0
1.959725142
7.025918961
39.96783447
16.20616341
8.394158363
2.020599365
0
15.55903053
1.355814457
15.70358276
4.828686714
5.900280476
14.37680912
105.9057312
25.95533943
2.215593338
0
2.553581476
2.375424385
17.03388786
8.787806511
31.32552719
21.1484623
18.81728745
3.146614075
1.172250867
0
0
0
0
0.481038898
0
0
0
9.655603409
16.25862885
6.696772575
0.400865734
7.523509502
0
0
0
0
0
0.899317622
0
0
0
7.126273155
0
0
0
0
0
22.87801933
0
0
0
0
0
0
1.744061232
0
0
0
3.709684849
4.074817181
13.21027756
19.34607124
0.546332359
0
0
0
0
0
0
0
0
0
0
0
0
0
0
0
0
0
0
0
0
0
0
0
0
0
0
0
0
0
0
0
0
0
0
0
0
0
0
0
0
0
0
0
0
0
0
0
0
0
0
0
0
0
0
0
0
0
0
0
0
0
0
0
0
1.015654802
0.224829406
0
0
0
0
0
0
0
0
0
0
0.712768078
0
0.393300027
0
0
0
3.40472126
0
0
0
0
0
0.198231816
0
0
0
0
13.07708359
20.31848717
4.264478207
0
0
0
0
0.521599114
2.754122257
0
0
0
0
1.192196012
0
0
0.649166703
0.37420702
0
0
0
0
0
0
0
0
0
0
0
0
0
0
0
0
0
0
0
0
0
0
0
0
0
0
0
0
3.187044382
0.214675322
4.292038918
0
0
0
3.218929291
0
0
0
0
0
0
0
0
1.015583634
0
0
0
0
23.36704254
5.603321075
0
0
0
0
0
0
0
0
0
0
0
4.172686577
0
0
0
13.29441261
0
5.350195408
0
0
0
0
0.936861217
0.286233753
0
0.143116876
0
0
0
0
0
0
16.89360428
0
0
0
0
0
0
3.968019247
1.382626653
0
0
0
0
0.143116876
0
0
0
8.106933594
0
3.730130672
7.504034996
0
2.026733398
0
0
0
0.50090903
0
2.122322321
0
0
0
0.286233753
0
0
2.104929447
0
7.659502029
0
0
0
0
0
0
0
8.474431992
0.596098006
0
6.199419022
34.00678253
12.13703632
1.798853159
0
0
0
0
0.357792199
12.13504314
7.041357517
4.898692608
21.29692078
26.04907227
21.70770645
5.181735516
6.576485634
2.281988144
5.474844456
1.102279186
6.226655483
5.905112743
10.74358368
29.54470634
6.494939804
3.82350111
51.11210632
8.107470512
23.21204185
3.440350056
0.764828861
9.415009499
7.896492958
4.745286942
0
1.335312963
2.842139482
4.173486233
0.338527888
2.46249485
36.48205948
10.95281887
0.532512009
6.783769608
2.815459251
3.089458942
1.0963099
0
11.18314648
6.069303989
0.517615974
0
0
2.365261078
5.137275219
3.005307198
3.457501888
0.37210387
0.887324631
3.817282438
0
3.051752329
19.11999512
8.227036476
3.415112734
6.176128864
0
0
0
11.34068394
0
0
0
1.761974335
0.357792199
0.524672925
0
19.86239243
7.543505192
3.82257247
0.870316446
23.80825043
1.109155893
0
0
0
0
0
11.20664215
0
0
0.679175556
5.025606155
0
0
0
0
4.423141003
27.47460747
0.460223168
0.572467506
0
0
0
0
0
0
0
0
0
0
0
0
0
0
0
0
0
0
0
0
0
0
0
0
0
0
0
0
0
0
0
0
0
0
0
0
0
0
0
0
0
0
0
0
0
0
0
0
0
0
0
0
0
0
0
0
0
0
0
0
0
0
0
0
0
0
0
0
0
0
2.742050886
9.10915184
3.284328222
0
0
0
0
0
0
0
0
0
0
0
0
0
0
0
0
0
0
0
0
0
0
0
0
0
0
0
0
0
0
0.385788232
0
0
0
0
0
0
0
0
0
0
0
0
0
0
0
0
0
0
0
0
13.96567154
0
0
3.730757236
0
0
0
0
0
0
0
0.786902905
0
0
0
0
0
0
0
0
0
0
0
0
0
0
0
0
3.372441053
81.40646362
0.224484816
0
0
30.5126667
0
0
0
0
0
0
0
0
0
0
0
0
0
0
0
0
0
0.38082245
0
31.30749512
0
0
0
0
0
0.100216433
0
0
0
0
0
0.993664145
0
0
0
0
0
0
0
0
0
3.203818798
0
6.821987629
2.50122714
0
0
0
0
0
0
0.38082245
0
0
0
0
0
0
0
0
0
0
0
0
0
0
0.90354979
28.53376579
2.724895
11.10073662
0
0
0
0
0
0
0
0
0
0
0
0
0
0
0
0
0
0
0
58.38582993
1.918895006
0.601729333
11.52588463
1.129526734
1.468770504
0
0
1.134690404
3.934514523
0.919360936
16.11073303
0.309140444
0.126272723
0.177154422
1.54766345
0
14.49561787
13.26790237
2.07967186
35.03750992
0
0
0
0
0.160346299
22.41394424
0
0
0
0
0
5.641633034
0
0
0
0
7.363163471
0
0.899317622
30.27880287
17.46393394
1.611002803
3.704039574
3.878307104
0
0
7.218075752
2.072535038
10.52051258
39.61569595
18.00701332
5.864174843
20.45935822
34.29196167
41.28901291
9.947525978
2.031135559
11.34209061
12.52790165
0
1.573805809
4.859598637
14.48691559
10.42910194
6.537585735
5.892076492
12.63406849
1.365831017
13.47226334
6.77405405
0.444160908
0.50586617
0.899317622
6.532417297
0
0.132285699
15.48465919
21.22934723
0.423344105
3.434743881
10.83783627
1.228028297
0.168622062
5.488000393
5.204605103
0.943068266
9.017149925
12.5781641
0
0.946617961
0
0.90354979
11.22823334
10.3421526
4.055467129
0.98212111
0
25.0929203
11.58942986
6.00177002
5.640974522
0
0
0
0
0
0
0
0
0
0
0
0
0
0
0
0
0
0
0
0
0
0
0
0
0
0
0.882536948
0
0
0
0.674488246
0
0
0
0
0
0
0
9.70279026
54.77942276
0
0
0
0
0
0
0
0
0
0
0
0
0
0
0
0
0
7.508254528
34.68932724
0
0
0
0
0
0
0
0
0
0
0
0
0
0
0
0
0
0
0
0
0
0
0
0
0
0
0
0
0
0
0
0
0
0
0
0
0
0
0
0
0
0
0
0.562073529
0
0
0
0
0
0
0
0
0
0
0
0
0
0
0
0
0
0
0
0
0
0
0
0
0
0
0
0
0
0
0
0
0
0
1.084892869
0
0
0
0
0
0
0
0
0
0
0
0
0
0
0
0
0
0
0
0
0
0
0
0
0
0
0
0
0
0
0
0
0
0
0
0
0
0
0
0
0
0
0
0.421555132
0
0
0
0
0
0
0
0
0
0
0
0
0
0
0
0
0
0
0
0
0
0
0
0
0
0
0
0
0
0
0
0
2.40065527
12.47429371
30.58868599
27.98017502
0
0
0
0
0
0
0
0
0
0
0
0
0
3.428648233
0
0
0
0
2.055490732
0.569229364
0.104225092
0
0
0.651396275
0
1.686220527
5.543843269
10.65026951
7.8758955
3.600092888
3.153624535
0
0
0.212631136
2.474236965
0
0
0
0
0
0
0
0
0
0
0
0
0
0
0
0
0
0
13.74167442
0.449658811
0
2.094983101
0
0
0
1.208458066
4.300188541
3.657428026
0
13.30237579
1.923412561
0
15.44910812
8.643927574
1.521090269
6.772986412
32.24077606
15.90263844
6.208818913
3.748045683
5.150378227
7.914526463
18.13973808
0.631363571
22.30169487
6.532417297
5.523753166
0
0
0
0
0
14.12423992
12.2510252
27.90098572
12.18556023
10.32108879
11.72629738
20.94301033
3.681581736
9.258717537
17.21057701
52.40631866
18.22184944
48.7296524
13.76178265
43.13014603
5.30072403
7.01285696
0
0
2.482025862
0
1.793635845
20.0850296
0
0
0
0
0
1.900339603
3.451897383
2.415624142
0.577763557
0
0
7.354483128
0
0.189115047
0
0.271227211
59.36445999
15.0412426
1.005043387
9.590891838
30.80912399
0
0
0
5.461285591
0
0
0.320692599
3.48208952
8.885692596
12.26470566
2.75574255
0
0
0
6.989721298
0
0.360779166
2.007216215
3.028666019
7.342000961
4.685023308
7.947270393
17.47078323
20.16571045
42.58239365
23.73760033
0
0
0
8.838435173
0
0
4.905926704
18.7174778
9.112042427
8.811227798
18.21055603
0.190900534
0
9.657721519
3.322101593
18.90397263
18.6872673
0
0
0
0
0
0
0
0
0
0
0
0
0
13.18834782
0
0
0
0
0
0
0
0
0
0
0
0
0
0
0
0
0
0
0
0
0
0
0
0
0
0
0
0
0
0
0
0
0
0
0
0
0
0
0
0
0
0
0
0
0
0
0
0
0
0
0
0
0
0
0
0
0
0
0
0
0
0
10.6397171
2.456237316
0
0
0
0
0
0.36248067
1.659902573
0
0
0.207227081
0
0
0
0
0
0
0
0
0
8.396116257
6.880110741
21.97563934
6.04698801
0
0
0
0.604403257
0
0
0
0
0
0
0
0
0
0
0.592796385
9.168294907
0
0
0
2.098414421
0
0
0
4.790089607
0
1.788294077
0
0
0
0
5.666100979
20.1256752
2.156378508
0
0
0
0
0
0
0
0
0
0
0
0
0
0
0
0
0
0
0
0
0
0
0
0
0
0
0
0
0
0
0
0
0
0
0
0
0
0
0
0
0
0
0
0
0
0
3.576588154
0
1.907513738
0
0
0
0
0
0
0
0
0
0
0
0
0
0
0
0
0
0.291374505
0
0.357792199
0
0
0
0
0
0
0
0
7.288881302
1.057195902
0
0
0
0
0
0
0
0
0
0
0
0
0
0
0
0
0
0
0
0
0
0
0
0
0
17.61534691
30.32866096
9.012506485
0
0.542559445
22.4221611
0.855981231
0
0
3.477740049
100.7082062
96.30914307
2.647676945
17.54738426
10.46488857
10.56778717
4.428733826
1.101599813
19.20730972
37.2071228
15.97096348
38.4037056
151.9564514
1.991063714
10.84925175
1.073376536
0.715584397
0.71313107
0
0.572467506
6.219085217
0.820172668
0
17.97536278
26.94405365
13.66887951
9.159383774
2.937070131
1.311682343
19.06695175
0
10.41765499
73.93424225
5.036794662
3.350753546
12.63727856
6.276161194
0
7.927260399
34.86985397
5.002947807
2.526040077
2.624179602
25.35456848
4.042205334
1.50272727
7.987847328
16.78982162
8.616282463
8.436783791
0
0
3.555656195
27.8687191
24.20277977
12.99228954
5.625189304
0.930259764
5.828259945
1.130687714
9.374535561
10.1039114
10.31159973
6.366833687
9.653809547
1.016129851
1.173558354
0.901636362
7.777487755
1.8748312
0.588748991
0
85.43650055
72.58539581
35.58037949
33.24960327
8.314368248
1.412145495
10.34940624
18.2020359
7.165986061
20.94470978
12.79299355
18.52197456
5.960979939
0
2.369695187
13.00777912
15.50603771
2.397905827
0
0
0
0
0
0
5.924237728
2.595380306
0
0
0
0
0
0
0
0
0
0
0
0
0
0
6.267056465
0
0
0
0
0
0
0
0
5.490040302
19.58815575
4.041651726
0
0
0
0
0
0
0
0
0
0
0
0
0
0
0
0
0
0
0
0
0
0
0
0
0
0
0
0
0
0
0
0
0
0
0
0
0
0
0
0
0
0
0
0
0
0
0
0
0
0
0
0
0
0
0
0
0
0
0
0
0
0
0
0
0
0
0
0
0
0
0
0
0
0
0
0
0.279656529
0.746251583
0
0
0
5.450685501
0
0
0
0
0
0
0
0
0
1.934294701
0
0
0
0.711901665
0
0
0
0
0
0
0
0
0
0
0
0
0
0
0
0
0
0
0
0
0
0
0
0
0
4.842748642
0
0
0
0
0
0
0
0
0
0
0
0
0
0
0
0
0
0
0
0
0
0
0
0
0
0
0
0
0
0
0
0
0
0
0
0
0
0
0
0
0
0
0
0
0
0
0
0
4.530344963
0
0
0
0
0
0
0
0
0
0
0
0
0
0
0
0
0
0
0
0
0
0
0
0
0.171740264
0
0
6.03293848
0
6.82697916
0
0.596098006
0.286233753
0
0
0
2.064296007
0
0
2.877486944
0
0
4.365064621
0
0
0
0
0
0.341611505
0
0
0
0
0
0
0
0
2.14595294
0.286233753
0
0
16.21386719
0
0
0
2.193747282
0.586779177
0
0
0.386415571
0.492322445
0
0
0
0
0.143116876
0
0
0
0
1.343429565
0
3.660248518
4.616707802
59.22021866
7.776285648
71.55796051
29.74889755
3.425397873
22.16108513
5.288730621
0.271922052
1.579310298
43.66570663
10.26699543
2.186178446
1.92784524
1.817350388
8.95501709
0.887324631
0.200363621
1.80548203
1.044052839
0
6.281205177
2.201838732
60.27215195
1.718899965
61.87202454
1.188299179
17.97826767
0.357792199
5.902217865
14.34476662
4.264460087
5.340288162
0.291374505
6.414509296
7.84443903
27.88169098
0.298049003
1.907513738
15.56900597
7.760100365
6.367435455
0
0
0
3.874637127
10.25288582
17.68397713
1.039760351
1.96003449
0
0.391848475
6.080199718
35.73513412
6.107461929
10.19965839
8.175284386
1.184847593
0
0
4.643761158
21.12295151
8.342411041
3.066360235
0
0.586779177
26.40185928
23.66657066
7.865401745
4.06646204
0
0
0
0
4.281302452
4.601903439
5.006720543
0.100181811
0.879614413
1.033589602
69.21309662
17.76006126
4.182173252
3.061900854
0
11.75092983
6.354618073
0
3.331193209
26.99142456
17.6372242
2.764644384
0.620634437
4.982814789
0.243298694
1.211451173
0.626705647
0
0
0
0
0
0
1.053845644
0
18.34094238
4.112678528
0
0
0
35.35368347
93.02080536
13.46944332
0
0
0
0
0
0
0
0
0
0
0
0
0
0
0
0
0
0
0
0
0
0
0
0
0
0
0
0
0
0
0
0
0
0
0
0
0
0
0
0
0
0
0
0
0
0
0
0
0
0
0
0
0
0
0
0
0
0
0
0
0
0
0
0
0
0
0
0
0
0
0
0
0
0
0
0
0
0
0
0
0
0
0
0
0
0
0
0
0
0
0
0
0
0
0
0
0
0
0
0
0
0
0
0
0
0
0
0
0
0
0
0
0.367723733
0
0
0.189245731
4.524476528
2.938730717
14.24335861
0
0
0
0
0
0
0
0
0
0
0
0
0
0
0
0
0
0
0
0
0
0
0
0
0
0
0
0
0
0
0
0
0
0
0
0
0
0
0
0
0
0
0
0
0
0
0
0
0
0
0
0
0
0
0
0
0
0
0
0
0
0
0
0
0
0
0
0
0.157595873
0
0
0.63030684
1.66923821
0
0
2.97898984
0
0
0
0
0
0
0
0
0
0
0.189115047
0
5.39817667
13.30661201
19.20026779
5.94977808
0
3.99340868
32.56613159
32.09439468
0
0
0
0
0
0
2.568757296
0
0
0
0
0
0
0
0
0
0
0
0
0
0
0
0
0
1.208235145
0.730695486
0.38082245
0
0
9.268838882
2.674309254
0.100635849
14.1337738
0
13.41757584
12.5906992
48.47293091
65.55053711
73.01300812
73.81142426
87.11844635
98.96151733
0.949134409
2.365460634
0
58.66893387
18.71747589
53.82109833
0.505929649
1.22056067
5.000932693
0
21.96766853
2.667627573
0
0
0
0
9.736236572
2.585552216
0.153167814
0.862464428
11.79713917
1.630013227
0
1.903699279
11.10963631
5.977344513
3.800679207
3.434741974
9.606413841
23.03641701
18.64534378
14.68880463
31.72434807
4.681072712
4.498532295
1.810488939
0
0
0
0
8.076443672
3.834909201
0.867076039
4.110637188
0
19.00339508
29.59052658
0.184398249
6.060795784
2.505020142
71.46361542
0
0.132285699
7.151314735
0
0
0
0
0
0
0
0
0
0
0
0
0
3.032598019
1.710272551
22.62236404
14.1670866
3.888861895
1.044962406
0.48329401
2.682659388
14.96517372
0
0
0
0
0
32.40962219
0
9.147158623
13.32438087
1.18313086
2.100371838
2.549374104
0
14.46008587
5.47189045
0
0
0
22.74721336
11.68722534
46.10322571
10.53249359
0
0
0
0
0
0
0
0
0
0
0
0
0
0
0
0
0
0
0
0
0
0
0
0
0
0
0
6.231665134
0
0.157595873
0
0
0
0
0
0
0
0
0
0
0
0
0
0
0
0
0
0
0
0
0
0
0
0
0
0
0
0
0
0
0
0
0
0
0.160346299
0
7.306955338
0
0
7.154603958
0.105063923
12.05629539
0
0
0
0
0
0
0
0
0
0
0
0
0
0
0
0
0
0
0
0
0
0
0
0
0
0
0
0
0
0
0
0
0
0
0
0
0
0
0
0
0
0
0
0
0
0.705266416
1.192196012
0
0
0
0
0
0
0
0
0
0
0
0
0
0.190900534
0
0
0
0
0
0
0
0
0.391848475
0
0
0
0
0
0.241137534
0
0
0
0
0
0
0
0
0
0
0
0
0
0
0
0
0
0
0
0
0
0
0
0
0
0
0
0
0
0
0
0
0
0
0
0
0
0
0
0
0
0
0
0
0
0
0
0
0
0.269760907
4.736899376
4.738963127
0.341611505
5.750730515
0
0
0.286233753
2.157901525
10.84053707
3.426389456
0
0.391848475
0
0
0
0
0
0
0
0
0
0
0
0
0
0
0
0
0
0
0
0
0
0
0
0
7.153176308
0
0
0
0.715584397
0
0
0
0
0
0
0.728903532
3.576588154
0
0
0
0
0.658337653
6.167534351
0
0
0.564213157
36.99289703
50.31406403
0
13.39606476
0
2.275558233
1.545662284
4.960430622
9.599807739
0
0
0.815766156
34.07630539
0
0.219523922
21.75756836
24.35681343
10.6079092
36.0626297
13.97023582
16.49666023
37.40782166
88.83449554
15.45609093
1.73457551
113.9117508
1.615535855
9.473840714
27.09259415
0.639765382
1.571298838
0.319705725
2.855833292
9.804774284
7.792016506
6.603942871
50.69921112
17.25065994
8.908664703
14.32752228
3.573220968
0.423159838
23.89422798
56.24154663
3.381217241
0.606523812
0.314857125
0
0
0
0
35.14661026
17.70229912
0.886332095
5.116392136
1.353832245
0
5.112264633
5.792733192
14.55153847
102.9468765
42.62118912
16.44327164
1.976842403
0
32.87843704
53.23612976
14.89292431
2.05089736
4.816712379
1.533807516
4.79542923
3.029073954
3.103901386
8.278793335
55.23330307
27.36253738
12.29735661
0
6.379947186
26.59253693
14.59115982
74.65447235
51.50065613
3.55454278
0.357658833
0.271922052
0
0
10.01385403
1.431168795
20.64509583
6.980238438
15.70712757
30.98779678
10.19483757
0.54956919
0
0
0
0
0
0
0
0
0
0
0.218600243
0
0
0
0
0
0
0
0
0
0
11.63928604
21.0543766
0
0
0
0
0
0
0
0
0
0
0
0
0
0
0
0.291374505
0
0
0
0
0
0
0
0
0
4.768784046
9.399528503
0
0
0
0
0
0
0
0
0
0
0
0
0
0
0
0
0
0
0
0
0
0
0
0
0
0
0
5.888696194
4.768784046
5.960979939
0
0
0
0
0
0
0
0
0
0
0
0
0
0
0
0
0
0
0
0
0
0
0
0
0
0
0
0
0
1.396220565
0
0
0
0
0
0
0
0
0
0
0
0
0
0
0
0
0
3.815027475
0
0
0
0
0
0
0
0
0
0
15.0216713
4.888003349
0.282106578
0.643033385
0
0.843981266
0.143116876
4.888003349
3.218929291
0.357658833
0.357658833
0
0.140663549
0.429350644
0
0
0
0.743507385
3.955690861
0
0.987372935
0
0
0
0
0
0
0
0
17.7048893
5.524089813
0.673955083
0
0
0
0
5.828642368
7.137358665
0
0
0
0
0
0
0
0
0
0
0
0
0
0
0
0
0
0
0
0
0
0
0
0
0
0
0
0
0
0
0
0.100181811
0
0
0
0
0
0
0.564213157
0.423159838
0
0
0
0
0.443662316
0.677055776
0
0
0
0
0
0
0
0
0
0
5.126442909
0
0.314857125
0
0
0.241137534
0
0
0
0
0
0
0
0
0
0
0
1.839345813
0
0.677055776
0
2.503611565
0
0
0.715317667
3.528641224
15.8523016
21.20338631
27.25122261
53.36759186
8.208288193
0.282106578
0
0.357658833
3.905221939
0
0.878204584
0
0.787142813
5.007513523
9.989696503
4.053466797
0.855587602
4.912322521
0.852306664
0
0.140663549
34.85662842
8.977935791
15.00919724
14.07637978
17.00700378
5.778014183
10.71483803
0.573481083
1.466954112
5.570460796
13.77450848
4.723861694
0
0.515087426
0.693270385
0.543844104
0.100181811
3.12958622
3.457368612
0.74420774
2.854544878
1.173065186
2.144009829
5.15002346
23.64641762
2.094937086
7.549433231
0
0
0
11.01853848
18.12323189
39.73537064
4.884912014
1.80355382
0.604070425
0
0
82.55751801
108.6278152
27.47261429
5.858033657
27.05779648
8.297139168
4.118755817
28.67868042
21.42066574
5.589143276
2.079055071
0
3.576588154
0
19.86855698
10.67583466
10.77196026
5.992657661
7.986936569
17.09396935
0
1.128426313
0
0
0
0
25.18409538
0
0
6.958404541
1.128426313
7.561002731
0
21.65060425
1.692639351
0
0
0
6.557078362
38.60536194
4.034335613
3.371765375
3.146645308
3.610777855
1.922957659
0.241137534
0.476878434
0
0
0
0.543844104
11.16352272
17.64450264
6.633971691
19.88288879
3.09152317
0.846319675
6.462440491
4.554242134
1.502193809
0
0
0
0
0
0
0
0
0.400727242
0
0
0
0
0
0
0
0
0
0
0
0
0
0
0
0
0
0
0
0
0
0
0
0
0
0
0
0
0
0
0
0
0
0
0
0
0
0
0
0
0
0
0
0
0
0
0
0
0
0
0
0
0
0
0
0
0
0
0
0
0
0
0
0
0
0
0
0
0
1.269479513
0
0
0
0
0
0
0
0
0.105063923
0
0
0
0
0
3.809791803
0
0
0
0
0
0
0
0
0
0
0
0
0
0
0
0
0
0
0
0
0
0
0
0
0
0
0
0
0
0
0
0
0
0
0
0
0
0
0
0
0.105063923
0
0
0
0
0
0
0
0
0
0
0
0
0
0
0
0
0
0
0
0.262659818
0.777473032
0
0
0
0
0
0
0
0
0
0
0
0
0
0
0
0.105063923
0
0
0
0
0
0
0
0
0
0
0
0
0
0
0
0
0
0
0
0
0
0
0
0
0
0
0
0
0
0
0
0
0
0
0
0
0
0
0
0
0
0
0
0
0
0
0.200432867
0
0
0
0
0
0
0
0
0
0.735447466
0
12.77254772
47.64197159
18.59010696
0
0
32.11738968
0
3.765892506
0
0
0
0
0
0
0
0
0
0
0
20.27142715
10.26574326
4.948750019
1.806130052
48.14870453
23.01976967
57.22858429
30.05431175
27.08624077
0.556680739
0
0
0
13.06483459
0
0.294178963
3.357739687
0
14.6423378
32.691185
44.80842209
0.294178963
1.632446408
0.768747509
3.816948891
0.230432481
5.274784565
8.103567123
47.82419586
11.90846062
15.32871342
12.23833084
24.64001083
0
8.313985825
2.969280243
19.14303207
29.40416527
3.583392143
0
2.075060368
0
0
0
23.89290237
13.67038155
9.808665276
8.978842735
7.871057987
5.66941309
17.20625114
15.86430264
10.4321394
2.468985558
0
3.193943262
0
9.175510406
6.324075699
0.497520387
0.53540659
0.1884069
0
0
0
7.435319424
0
0
0.140518382
13.80448151
1.092664719
2.375424385
0
0.351400375
0
2.375424385
4.156992912
0.160346299
7.956184387
1.066398621
4.096976757
0
0
0.506819904
0
0
0
10.03049469
7.194040775
0.977783084
9.267746925
36.28597641
28.39868355
4.211201668
0
0
0.287177503
0
29.4540081
0.239314586
2.236245155
3.086305857
0
0
1.723991632
62.72682571
30.87283325
39.27048874
30.82687187
3.965990305
0
0
0
1.760100603
0.164784461
0
0
0
6.272143364
0
0
0
0
11.5736475
0
0
0
0
0
0
0
0
0
0
0
0
0
0
0
0
0
0
0
0
0
0
0
0
0
0
0
0
0
0
0
0
0
0
0
0
0
0
0
0
0
0
0
0.565688014
0
0
0
0
0
0
0
0
0
0
0
0
0
0
0
0
0
0
0
0
0
0
0
0
1.336935878
27.44742393
0.21746251
3.667720795
0
0
0
0
0
0
0
0
0
0
0
0
0
0
0
0
0
0
0
0
0
0
0
0
0
0
0
0
0
0
0
0
0
0
0
0
0
0
0
0
0
0
0
0
0
0.111009821
0.626422703
0
0
8.12537384
4.450336456
0
0
0
15.5468111
0
0
1.683694959
0
0
2.132239103
3.194703341
0
3.082341194
0
0
0
0
0
0
0
0
0
0
0
0
0.797715306
0
0
0
0
0
0
0
0
0
0
0
0
0
0
0.278428912
0.107962236
0.136373356
0
0
0
0
0
0
0
0
0
0
0
0
0
0
0
0
0
0
0
0
0
0
0
0
0
0
0
0
0
0
0
15.38633633
0
0
0.638172209
0.558400691
0.164784461
0.193195581
0
0
0
0.861532509
0
0.382903367
10.77561188
0.107962236
0
0
1.964164495
0.136373356
0
0
0
3.251090288
0
0
0
1.188686728
0
0
1.165515542
0
0
3.122862816
0
0
0.445162177
1.554020762
0
0
0
0.136373356
0.335251153
0
0
0
3.258160591
2.761450052
0
0
0
2.751609802
7.7746315
6.717404842
7.051803589
2.687146902
0.193195581
3.37130785
3.996572018
7.982913971
0.20525375
2.685684681
5.167262077
2.203256607
13.22643948
10.98538208
12.00576687
19.11045074
27.98726845
9.027078629
2.99747777
8.344158173
19.47550964
6.826738358
39.36458206
26.7394619
30.69454575
0.704874337
0.861532509
1.003049374
35.62231445
27.07302475
29.52126884
16.9549408
1.62202692
4.734556198
0.391742945
0
28.11430931
44.02855682
24.18361092
19.45642662
3.624833822
27.98090363
36.62930298
5.427174091
10.70346069
7.661043644
0.793198109
2.722443581
8.101552963
0.250017822
1.6974684
1.167820334
9.841176987
2.288192034
0
0.500431716
3.61214304
6.492052078
3.41926384
0
7.175661564
5.455761909
13.0181818
0.382903367
0.574355006
0
0
9.324124336
1.998542309
0.800317585
0.107962236
0
0
0
0.534128904
33.15195847
1.128808141
2.217427969
0.221606702
0
0.221606702
1.180618644
5.836481094
26.7308445
0.911139369
0.870326579
1.731606841
0
0
13.39325714
0.194252595
8.873129845
23.10396957
5.847606659
3.139125586
0.478629172
0.319086105
14.01036644
0.598053753
0.577571213
0
0.771576464
0
0
23.31449127
10.82835484
20.41465569
1.282268286
0
0
0
0
0
0.858106911
11.26501751
0
19.08387375
0
0
0
0
0
0
0
0
0
0
0
0
0
0
0
0
0
0
0
0
0
0
0
0
0
0
0
0
0
0
0
0
0
0
0
0
0
0
0
0
0
0
0
0
0
0
0
0
0
0
0
0
0
0
0
0
0
0
0
0
0
0
0
0
0
0
0
0
0
0
0
0
0
0
0
0
0
