0
0
0
2.855666637
0
0
0
0
0
0
0
0
0
0
0
0
0
0
0
0
0
0.178105623
0
0
0
0
0
0
0
0
1.457188964
21.35869408
2.779946804
7.949002743
1.187370658
2.160151005
10.91140079
15.3473568
10.33208275
0
0
0
0
0
0
0
0
0
0
0
0
0
0
0
0
0
0
0
0
0
0
0
0
0
0
0
0
0
0
0
0
0
0
0
0
0
0
0
0
0
0
0
0
0
0
0
0
0
0
0
0
0
0
0
0
0
0
0
0
0
0
0
0
0
0
0
0
0
0
0
0
0
0
0
0
0
0
0
0
0
0.609502256
0
0
0.419784755
0
0
1.862909198
0
0
0
0
0
0
0
0
0
0
0
0
0
0
0.666643023
0
0
0
0
0
0
0
0
0
0
0
0
0
5.482350349
10.29843426
6.031532288
0
0
6.452298641
17.1051445
33.87640762
165.9480438
95.49337769
0
0
0
0
0
0
0.736498952
0
0
0
0
0
0
5.422978878
0.433234692
9.177581787
13.45932388
6.150709152
4.157773972
8.323678017
12.70621586
13.21249104
25.30662918
6.987891197
23.44530296
8.957362175
6.284868717
27.50560188
58.64789963
37.94963837
9.564527512
17.29486656
5.024935722
1.136949897
8.103203773
0
4.371225357
0
0.60023731
0
0
2.5265553
0
0.72638464
9.903828621
28.70642471
0.627901018
9.663350105
11.30623913
6.256859779
10.0593853
29.96565437
6.722002506
5.877933979
46.04699707
15.56423092
10.06063652
5.865233421
1.534869075
0
0.13953355
0.837201357
6.546068192
0
1.500593305
0
6.80949688
30.7490387
21.66846466
6.884316921
3.686891556
16.41263199
0
2.540482759
0
4.604607582
6.768003464
28.03423691
31.01338196
8.673289299
0
0.631638825
10.81882286
12.39925766
4.625685692
3.927341223
0
0
0
2.128494263
28.25701332
21.41423988
0.13953355
0
1.452769279
0
0
0
0
6.356741428
18.12680817
4.050608158
0
3.601423979
1.20047462
20.06919479
2.409695387
8.471705437
28.56071854
21.6879673
11.62357616
5.366257191
0.433234692
17.83790588
23.24437714
0
0
0
0.380938858
1.104748487
2.250955343
6.411873341
2.972702503
0
0
0
0
0
0
0
0
0
0
0
0
0
0
2.404452562
0.45489639
0
0
0
0
0
0
0
0
0
0
0
0
0
0
0
0
0
0
0
0
0
0
0
0
0
0
0
0
0
0
0
0
0
0
0
0
0
0
0
0
0
0
0
0
0
0
0
3.560618877
2.161687374
0
0
0
0
0
0
0
0
0
0
0
0
0
0
0
0
0
0
0
0
0
0
0
0
0
0
0
0
0
0
0
0
0
0
0
0
0
0
1.919777751
0
0
0
0
0
0
0
0
0
0
0
0
0
0
0
0
0
0
0
0
0
0
0
0
0
0
0
0
0
0
0
0
0
0
0
0
0
1.386350989
0
0
0
0
0
0
0
0
0
0
0
0
0
0
0
0
0
0
0
0
0
0
0
0
0
0
0
0
0
3.376433134
0
0
0
0
0
0
0
0
0
0
0
0
0
0.45489639
0
0
0
0
0
0
0
5.323131561
0
1.290731668
0
0
0
0
0
0
0
0
0.507918477
0
0
0
0
0
0
0
0
0
0
0
0
0
0
0
0
0
0
0
0
0
0
0
8.961440086
6.975078583
2.235715389
0
0
0
0
0
0
0
0.190469429
0
2.916857243
1.201093912
0
0
0
0
0
4.501910686
0
34.16033554
2.745222807
3.838200808
5.171757698
0
0
0
0
4.258505344
2.661565781
1.596939564
0
0.952347159
1.699524522
3.465877533
1.083086729
0
0
0
0
0
0
2.426114321
12.81776524
22.94731712
25.87003708
39.39172745
31.26474571
11.16884136
0
25.55628586
0
3.384348631
28.05033493
75.36804199
13.247612
2.772701979
0
0.736498952
0
0
6.042294025
58.51475143
1.575668812
56.01368713
19.89842987
7.119066715
0
0
0
0
25.4085083
10.28740597
2.852035284
7.004077911
0
7.628080368
0
21.98194695
5.868890762
10.73587608
20.60538101
32.09858704
4.21289444
4.025565624
0.126979619
4.704873085
2.222143412
18.09864807
3.219352484
1.523755431
6.518064499
6.149537563
13.71066093
8.23432827
0
3.917821407
8.067965508
0.815947115
7.977159023
0.705856204
4.143446922
15.28988647
0
3.896722794
0
15.70353985
0
4.555243015
0.556674719
0
23.25979614
41.64384079
98.14745331
9.938611031
2.374828815
0
0
0
0
0
0
4.15252161
7.009224415
9.1384058
2.196388721
0.383937299
0
0
0
0
0
0
0
0
0
0
0
0
0
0
0
0
0
0
1.070131063
0
0
0
0
0
0
0
0
0
0
0
0
0
0
0
0
0
0
0
0
0
0
0
0
0
0
0
0
0
0
0
0
0
0
0
0
0
0
0
0
0
2.939766407
0
0
0
0
0
0
0
0
0
0
0
0
0
0
0
0
0
0
0
0
0
0
0
0
0
0
0
0
0
0
0
0
0
0
0
0
0
0
0
0
3.378872871
0
0
0
0
0
0
0
0
0
0
0
0
0
0
0
0
0
0
0
0
0
0
0
0
0
0
0
0
0
0
0
0
0
0
0
0
0.254575372
0.941006482
0.17574501
0
0
0
0
0
0
0
0
0
0
0.337433338
0
0
0
0
0
0
0
0
0
0
0
0
0
0
0
0.168716669
0
0
0
0
0
0
0
0
0
0
0
0
0
0
0
0
0
0.320003688
0
0
0
3.21108532
0
0
0
0
0
0
0
0.209093153
0
0
0
0
0
0
3.344880581
0.237633198
0
0
0
0
0
0
0
1.63436985
5.504409313
2.408313751
0.633318245
3.085642099
0
0
0
0
0
0
0
0
0
0
0
0
0
0
0
2.542109013
9.953160286
0.285159826
0
9.227898598
0
11.81735325
11.88389587
1.596939564
2.296144009
0
0
3.726192236
8.3963871
4.790960789
13.86351013
37.88690948
1.744490385
5.586396694
0
1.313057303
0
2.10089159
0
0
0
4.684356213
2.793551683
7.149635792
0
0
0
1.313057303
4.614814281
9.227898598
0
15.75646973
10.01443291
2.613593102
0
4.258505344
0
0
13.23143673
27.92248917
24.39297295
13.8873167
26.80769157
6.264641762
0
0
0
12.08610344
0
5.855444908
18.09864807
0.619012713
0
13.44881058
6.669233799
8.674415588
4.155649662
1.445816517
3.726192236
2.661565781
3.625307083
21.51586342
6.238280296
3.039694309
0.962503433
0
0
9.9454422
2.657075167
5.828121662
1.456896186
2.810073614
1.183753252
0
1.87338233
3.207249165
7.000927925
0
0
26.43732834
33.7340126
0.104054421
2.185612679
27.87025452
0
4.43625927
5.117236137
7.682612419
0
18.94879913
19.7550602
5.391501904
19.90932846
22.53561974
25.62005234
4.234452724
0.936691165
0
0
1.248921514
0
0
16.22732925
2.042403698
0.312230378
0
3.501962185
0.403210849
0
0
0
0
0
0
0
0
0
0
16.91667557
30.81993675
0
0
50.96285629
62.86309433
1.934966326
0
0
0
0
0
0
0
0
0
0
0
0
0
0
0
0
0
0
5.436750889
24.87425995
3.056615591
0
0
0
0
0
0
0
0
0
0
6.327367783
0
0
0
0
0
0
0
0
0
0
0.378125936
0.16635628
0
0
0
0
0
0
0
0
0
0
0
0
0
0
0
0
0
0
0
0
0
0
0
0
0
0
0
0
0
0
0
0
0
0
0
0
0
0
0
0
0
0
0
0
0
0
0
0
0
0
0
0
0
0
0
0
0
0
0
0
0
0
0
0
0
0
0
0
0
0
0
0
0
0
0
0
0
0
0
0
0
0
0
0
0.121896878
2.031614542
0
0
0
0
0
0
0
0
0
0
0
0
0
0
0
0
0
0
0
0
0
0
0
0
0
0
0
0
0
0
0
0
0
0
0
0
0
0
0
0
0
0
0
0
0
0
0
0
0
0
0
0
0
0
0
0
0
0
0
0
0
0
0
0
0
0
0
0
0
0
0
0
0
0
0.121896878
0
0
0
0
0
0
0
0
0
0
0
0
0
0.650116682
2.132586956
0
0
0.162529171
0
0
0
0
0
0
0
3.949811935
0
0
0
0
0
0
0
0
0
0
0
0
0
0
0
0
0
0
0
0
0
0
0
0
0.203161448
6.326920986
0
0.528219819
0
0.243793756
0.121896878
9.611756325
10.54682064
1.918830991
14.82205772
14.56584167
7.069942951
14.36618042
24.39045334
7.908650875
1.898076177
17.08268547
0.162529171
0
0
0
4.112498283
70.0951767
32.13726807
27.23637581
33.65352631
5.490847588
25.20783424
4.981194019
33.12863922
17.01280022
14.93764305
15.40892029
0
4.943320751
0
0
0.121896878
5.864802837
0
3.163460493
2.083182812
14.61653137
8.911771774
0
9.174034119
1.265384197
0.284426033
1.76759553
0
0.162529171
6.963977814
0.162529171
0
0
9.191459656
12.64721489
2.09522748
0.666698515
11.56396008
11.35276794
0.761900902
20.29549217
23.94946861
7.047583103
3.619029284
8.24505806
24.97977066
14.66269302
5.580860138
4.876165867
2.803169012
13.6660881
4.365004539
33.15450287
2.506087542
0
13.78760338
41.61289597
8.949731827
12.96302509
18.81031418
3.164353132
6.771839619
2.51166296
0.325058341
0
0
0
0
0.365690619
4.112498283
0
0
2.316040754
17.7420845
0.203161448
2.082271338
17.26719666
22.49897957
9.319267273
2.879798651
0
0
0
0
0
0.121896878
0
0.952376127
0
0
0
8.44558239
15.59179306
16.69378853
0
0
0
0
0
0
0
0
0.203161448
0
12.74760818
0.284426033
0
0
0
0
0
0
0
0
0
0
0
0
0
0
0
0
0
0
0
0
0
0
0
0
0
0
9.490380287
0.650116682
0.243793756
0
0
0
0
0
0
0
0
0
0
0
0
0
0
0
0
0
0
0
0
0
0
0
0
0
0
0
0
0
0
0
0
0
0
0
0
0
0
0
0
0
0
0
0
0
0
0
0
0
0
0
0
0
0
0
0
0
0
0
0
0
0
0
0
0
0
0
0
0
0
0
0
0
0
0
0
0
0
0.126979619
5.323131561
0
0
0
0
0
0
0
0
0
0
0
0
0
0
0
0
0
0
0
0
0
0
0
0
0
0
0
0
0
0
0
0
3.376433134
0
0
0
0
0
6.387758255
0
0
0
0
0
0
0
0
1.064626336
0
0
0
8.619595528
7.923710823
0
0
0
0
0
0
0
0
0
0
0
0
0
0
0
0
0
0
0
0
0
0
0
0
0
0
0
0
0
0
0
0
0
0
0
0
0
0
0
0
0
0
0
0
0
0
0
0
0
0
0.126979619
0
0
0
0
0
0
0
0
0
0
0
0
0.126979619
0
0
0
0
0
0
0
0
0
0
0
0
0
0
0
0
0
0
0
0
0
18.53798294
23.56496429
0
0
0
2.262514591
11.23172855
21.026371
10.83086681
2.547112465
2.652122974
26.17588043
1.083086729
1.337045908
0
0
0
2.166173458
0
1.400535822
0
0
12.66355324
9.78226757
14.67553329
2.378839731
0
8.11167717
17.80592155
22.90325165
12.61194515
22.59431648
19.8076725
4.42194128
1.717984915
2.661565781
29.19963264
3.98065424
13.63179398
0
0
0
0
0
0
0
0
0
4.828029156
33.66396332
17.52446556
9.841105461
0.507918477
0
1.396775842
0
7.984697819
0
6.085009098
1.33078289
0.888857365
0
5.57784462
0.750318468
10.40130615
0.634898126
49.58781052
0.294392914
0
0
0
16.47026062
4.335116386
0.190469429
15.35691071
2.015813112
1.871218681
0
0
0
0
0
0
0
0
0
0
0
27.61523819
33.29913712
12.53799534
27.79784203
1.33078289
0
0.433234692
0
0
0
0
0
0
0
0
0
0
0
0
0
0
0
25.22430611
0
10.282094
4.63297081
10.90671062
0
0
0
0
0
0
0
0
0
0
0
0
0
0
0
0
0
0
0
0
0
0
0
0
0
0
0
0
0
0
0
0
0
0
0
0
0
0
0
0
0
0
0
0
0
0
0
0
0
0
0
0
0
0
0.750318468
3.460035801
0
0
0
0
0
0
0
0
0
0
0
0
0
0
0
0
0
0
0
3.309264898
4.94604063
2.061632872
0
0
0
0
0
0
0
0
0
0
0
0
0
0
0
0
0
0
0
0
0.232522577
6.930879116
0
0
0
0
0
0
0
0
0
0
0
0
0
0
0
0
0.392203689
0.155015051
0.231160522
0.133211151
3.436054707
0
0
0
0
0
0
0
0
0
0
0
0
0
0
0
0
0
0
0
0
0
0
0
0
0
0
0
0
0
0
0
0
0
0
0
0
0
0
0
0
0
0
0
0
0
0
0
0
0
0
0
0
0
0
0
0
0
0
0
0
0
0
0
0
0
0
0
0
0
0
0
0
0
0
0
0
0
0
0
0
0
0
0
0
0
0
0
0
0
0
0
0
0
0
0
0
0
0
0
0
0
0
0
0
0
0
0
0
0
0
0
0
0
0
0
1.659001946
1.649467468
0
10.53148842
3.436054707
4.978009224
0.21157065
0
0
0
0.893669546
0.588305593
0.392203689
6.447123051
10.56022739
8.76692009
17.62774086
7.594633579
4.225133419
0
0.195898756
0
0
0.465045154
0
0
0
0
5.154081821
2.861994028
0
1.043196797
11.29173374
0.310030103
7.100139618
0
0.274258226
2.460089922
3.529833317
0
0
0
0
0
2.092703104
19.79606438
8.506167412
0
0
1.176611185
3.624287367
0.982217848
14.08857059
6.145020008
7.556144238
4.089006424
2.857591391
21.37640953
27.21507072
2.433908939
2.08537817
12.19687843
9.938034058
2.286133766
4.902546406
10.01030254
6.388028622
11.20022869
1.607994556
20.79887199
0.535058618
11.915452
2.318653822
0
0
0
4.510342598
0.784407377
0
2.958147764
0
7.043540955
18.4584713
4.962700367
1.79796946
0
1.019688964
0.852582753
2.560577869
0
0
0.549768806
0
0
0
0
0
0
0
0
0
0
0
0
0
0
0
0
0
0
0
0
0
0
0
0
0
0
0
0
0
0
0
0
0
0
0
0
0
0
0
0
0
0
0
0
0
0
0
0
0
0
0
0
0
0
0
0
0
0
0
0
0
0
0
0
4.792572975
6.025437832
0
0
0
0
0
17.27765656
0
0
0
0
0
0
0
0
2.225435019
0
0
0
0
0
0
0
0
0
0
0
0
0
0
0
0
0
0
0
0
0
0
0
0
0
0
0
0
0
0
0
0
0
0
0
0
0
0
0
0
0
0
0
0
0
0
0
0
0
0
0
0
0
0
0
0
0
0
0
0
0
0
0
0
0
0
0
0
0
0
0
0
0
0
0.330319852
0
0
0
0
0
0
0
0
0
0
0
0
0
0
0
0
0
0
0
0
0
0
0
0
0
0
0
2.524651289
0
0
2.980513096
0
0
2.75434804
0
11.23765087
0
0.701203167
3.140788317
9.450201035
0.596102595
0
0
0
0
0
0
0
0
0
0
0
0
0
0
0
0
0
0
0
0
0
0
0
0
0
0
1.793236613
0.200343758
0
0
0
0
0
0
0
0
0
0
0
0
0
0
0
0
0
0
3.005156279
0
0
0
0
0
0
0
0
0
0
0
0
0
0
0
0
0
0
0
0
0
0
0
0
0
0
0
0
0
0
0
0
1.00171876
0.883055806
13.71036053
1.94188273
2.690185308
0
3.38120079
0
0
0
0
12.57896233
0
0
0
0
4.164396286
2.584754229
8.614344597
7.394600868
1.454068422
7.637126446
0.260446876
0.345543563
0.430491716
1.49735558
0
4.71471262
0.86419332
1.764472485
24.65460587
29.31747437
43.65603638
7.165727615
0.330319852
0
0
3.033104658
0
36.25072861
2.160423756
9.847434044
1.230599046
11.89903355
2.183164835
5.567320824
0
6.276380539
3.67498374
0
6.741534233
12.44842529
8.605969429
4.275640011
3.99458909
10.62491989
26.67495346
0
0
27.7450428
7.43529129
7.723145485
22.63901901
10.41226006
26.97143364
35.87236786
0
0.353918672
8.035933495
25.75139618
7.096171856
17.39162445
5.368950367
0
0.100171879
10.52860165
9.666031837
0
1.194513202
2.477398872
7.127891541
18.03253365
2.980513096
0
0
2.157012463
45.45293427
0.891002059
11.99018192
0.660639703
0.990959525
0.767874599
14.902565
2.404249907
25.09153557
48.57911682
33.60671997
0
6.110917091
3.576615572
0
0
0
0.383937299
0
0
0.801375031
0
0
0
0
0
0.2303624
0.990959525
0.153574929
0
0
0
0
0
0
0
0
0
0
0
0
0
0
0
0
0
0
0
0
0
0
0
0
0
0
0
0
0
0
0
0
0
0
0
0
0
0
0
0
0
0
0
0
0
0
0
0
0
0
0
0
0
0
0
5.228214741
0
0
0
0
0
0
0
0
0
0
0
0
0
0
0
0
0
0
0
1.788307786
0
0
0
0
0
0
0
0
0
0
0
0
0
0
8.731057167
0
0
0
0.505928874
0
4.81047678
0.697567761
2.968250513
0
0
0.465045154
0
0
0
0
0
0
0
0
1.374421954
11.14425755
8.180772781
9.499861717
1.226390481
0
0
0
0
0
0
0
0
0
0
0
0
0
0
0
0
0
0
0.273406267
0
0
3.436054707
0
0
0
0
0
0
2.990054369
0
0
0
0
0
0
0
0
0
0
0
0
0
0
0
0
0.556352437
0
0
0
0
0
0
0
0
0
0
0
0
0
0
0
0
0
0
0
0
0
0
0
0
0
0
0
0
0
0
0
0
0
0
0
0
0
0
0
0
0
0
0
0
0
0
0
0
0
0
0
0
0
0
0
0
0
0
0
0
6.534722328
0
0
0
0
0
0
0
0
0
0
0
0
0
0
5.497687817
0
0.607796192
0
0
0.620060205
0
6.020960331
0
4.030391216
42.7775383
0
0
0
1.527222872
18.5678196
13.68874264
2.836708069
0.588305593
4.15460968
0.340863824
0.737599432
14.6286993
1.646124244
0.852582753
0
7.159631252
47.39142227
10.34454823
32.66869736
9.546648979
17.80605125
4.510803699
7.228144169
0.5175789
18.54421806
10.80175972
21.14061737
23.86226082
37.24354172
12.15798855
16.72343445
5.852826118
5.769141674
25.52475548
2.1702106
4.177666664
6.184898853
4.525825977
7.359800816
8.943334579
14.23828983
1.461127162
14.95107174
13.52671909
2.157120228
11.86577511
16.31218147
20.05946541
0
4.24472332
7.430397511
15.72891712
15.82663918
14.3854351
5.668374538
0
37.41819
0
18.89274216
37.58949661
1.019079685
14.51823235
30.11244011
3.843930483
12.96615887
0
13.02120209
9.124716759
13.28433323
12.72015572
9.114375114
2.547461748
15.36703682
21.69622421
22.59599113
0.620060205
0
0
0
0
0
0
0
0
0
0
0
0
0
0
0
0
1.374421954
14.03239059
0
0
4.054562092
3.923543215
3.533751249
0
1.550150514
0
1.062786698
0.782911181
0.117539242
0
0
0.392203689
0
0.180226833
0
0
0
12.9445467
18.80275536
0.242914438
0
0.852582753
0
0
0
15.26360607
0
0
0
0
0
0
0
0
0
0
0
0
0
0
0
0
0
0
1.82498908
0
0
0
0
0
0
0
0
0
0
0
0
0
0
0
0
0
0
0
0
0
0
0
0
0
0
0
0
0
0
0
0
0
0
0
0
0
0
0
0
0
0
0
0
0
0
0
0
0
0
0
0
0
0
0
0
1.382257938
4.051159382
0
2.061632872
0
0
0
0
1.788307786
0
0
0
0
0
0
0
0
0
4.255916595
0
0
0
0
0
0
0
0
0
0
0
0
0
0
0
0
0
0
0
1.192205191
0
0
0
1.788307786
0
0
0
0
0
0
2.980513096
4.16203022
0.330319852
1.803093791
0
0
0
0
0
0.400687516
0
0
0
0
0
0
0
0
0
0
0
0
0
0
0
0
0
0
0
0
0
0
0
0
0
0
0
0
0
0
0
0
0
0
0
0
0
0
0
0
0
0
0
0
4.930163383
0
0
0
0
0
0
0
0
0
0
0
0
0
0
0
0
0
0
0
0
0
0
0
4.357312202
1.651599169
0.153574929
0
0
0
0.691087127
0
0
0
0.400687516
0
0
0
0
0
0
0
0.499118507
0
0
0
0
0
0
0
0
0
0.460724801
0
0.19196865
0
15.10290813
13.62323284
2.540949821
1.551641703
1.593674183
0
0
1.00171876
0
0
0
13.07053757
0.400687516
0.153574929
0
0
0
0
14.902565
3.538725853
0
0
0
0.921449602
0
20.86359215
0
0.601031303
3.576615572
1.343780637
1.602750063
4.212296486
40.10865021
2.477398872
9.050416946
9.656863213
9.205955505
18.44126511
15.83462715
26.46796989
6.210656166
0.499118507
0
11.85134315
8.683533669
20.46072578
5.030963898
7.82888031
4.128997803
0
0
4.954797745
0
0
58.75046539
16.58709908
33.75111771
25.86188507
10.96000576
3.39633894
0
0
0.200343758
0.591959774
0.27713123
22.49632645
53.55706024
54.7770462
33.77337265
4.756334782
10.25144291
5.153260708
8.116010666
1.161499143
19.61288452
0.834543645
10.57094383
2.523770809
23.41477776
8.176328659
8.940887451
28.75074577
4.758521557
1.458961725
0
2.542024851
34.05667496
11.74587631
0.495479763
0
6.583867073
0.841443717
9.885818481
7.643428802
5.60962534
0.661068559
1.939918637
5.365206242
0
0
2.856474638
41.78761292
90.86349487
12.44724274
0
1.535749197
2.922230959
0
11.92205238
11.01230812
0
0
0
1.651599169
0.784624815
0
14.94718647
0
0
0.2303624
0
0
0.660639703
0
0
0
0
0
1.156119466
1.98191905
0
0
0
0
0
0
0
0
0
0
0
0
0
0
0
0
0
0
0
0
0
0
0
0
0
0
0
0
0
0
0.495479763
8.863974571
3.005156279
0
7.928164959
0
0
0
0
0
0
0
0
0
0
0
0
0
0
0
0
0
0
0
0
0
0
0
0
0
0
0
0
0
0
0
0
0
0
0
0
0
0
0
0
0
0
0
0
0
0
0
0
0
0
0
0
0
0
0
0
3.726192236
0.412675172
0
0
0
12.82874775
2.843114614
2.201887846
17.03402138
2.288946867
0
11.65247536
6.435782433
0
0
0
0.225095555
0.412675172
0
0
0
0
0
0
0
0
0
0
0
0
0
0
0
0
0
0
0
0
0
8.144392014
0
4.708777905
0
0
0
0
0
1.725732446
7.839772224
3.677982807
1.857335925
0
0.761877716
0
0
0
0
0
0
0
0
0
0
0
0
0
0
8.144392014
0
0.131305724
0
0
0
0
0
0
0
0
0
0
0
0
0
0
0
0
0
0
0
0
0
0
0
0
0
0
0
0
0
0
0
0
0
0
0
0
0
0
0
0
0
0
0
0
0
0
0
0
0
0
0
0
0
0
0
0
0
0
0
0
0
0
0
0
0
0
0
9.578065872
0
0
0
0
0
0
2.445750952
24.18835449
3.86609602
8.729935646
1.756633401
1.277551651
10.27364445
10.3150053
0.844108284
0
0
0
17.69763947
23.41772842
28.20214462
4.957486629
3.320159435
0
0
0
0
0
0
12.40289688
1.206306458
0
4.958652496
26.63384819
2.046627998
0.750318468
0
0
4.364967823
3.136609793
13.16655064
10.72833157
2.706551313
12.99642563
29.58485413
37.5722847
17.08158493
1.587245345
0
0
0
0
0
19.69822502
27.03569221
32.84207153
5.310078144
1.064626336
0
0
16.48099518
0.750683725
0
17.25802422
5.809597969
0.159693956
9.706561089
0.433234692
1.171089053
0
0.306715071
11.64279461
25.74915314
9.701177597
2.532325029
26.28423691
0.525222898
6.571117401
1.918716788
0
25.76008034
5.383535385
0.741840303
7.765796661
10.6170063
8.394860268
1.959114552
0
27.81170654
7.764471054
7.382774353
1.52763319
6.06910181
0
0
0.638775826
6.92486763
8.263450623
22.39243889
31.13621902
5.312494755
9.621692657
0.915005267
9.364833832
22.09216309
13.01255894
12.5633297
1.65449512
0.433234692
1.916141868
4.675415993
3.717166185
5.536056995
2.801255226
1.083086729
0
1.083086729
0.571408331
0
0
0
0
6.600683212
9.752408028
1.083086729
0
0
0
0
0
24.00732231
8.164444923
0.380938858
0
0
0
0
0
0
0
0
0
0
0
0
0
0
0
0
0
0
0
0
0
0
0
0
0
0
0
0
0
0
0
0
0
0
0
0
0
0
0
0
0
0
0
0
0
0
0
0
0
0
0
0
0
0
0
0
0
0
0
0
0
0
0
0
0
0
0
0
0
0
0
0
0
0
0
0
0
0
0
0
0
0
0
0
0
0
0
0
0
0
0
0
0
0
0
0
0
0
0
0
0
0
0
0
0
4.12350893
16.98498726
0
0
0
13.65728855
1.382894635
1.096022964
0
0
0
0
0
0
0
0
0
0
0
0
0
0
0
0
0
0
0
0
0
0
0
0.995511413
0
3.100334644
1.01803124
0
0
0
11.28587246
0
0
0
0
1.565527081
0
0
0
0
0
0
0
0
0
0
0
0
0
0
0
0
0
0
0
0
0
0
0
0
0
0
0
0
0
0
0
0
0
0
0
0
0
0
0
0
15.23703384
0
0
5.624140739
3.916230202
6.397476673
20.60268593
2.652592897
0
0
0.234412864
0
0
0
0
0
0
0
0
0
0
0.33148253
0
7.987143517
0
1.205625296
1.121579647
9.902729034
0
0.375060588
0.485592872
2.01595068
0
0
0.189003199
1.484675288
0.363467693
4.42599535
0
0
0
0
0.843886256
0.116309665
19.56948471
0
0.69204253
0
4.032844543
17.60095978
8.177041054
0
18.20200539
30.76165581
12.1920166
32.98319244
46.95697784
0
0
0
0
2.709532261
7.914658546
14.18232536
0
10.84976006
0.267512232
0
0.347814798
5.341750622
5.646936893
1.311945081
13.98169041
27.72156906
11.76534176
3.551081657
2.572521448
2.536039591
20.90267372
23.71861076
16.19997978
37.77175903
14.97580624
22.14743233
9.711554527
0.565083265
0
15.47962761
25.4616375
1.786945105
18.82010841
0.816571474
51.56371689
23.05288887
47.76507187
5.774311543
1.688040257
1.226457596
11.26717186
24.51331902
0.151202559
4.673570633
10.53010941
19.11611557
6.706647396
2.702804565
0.722575784
0.650728703
64.90170288
30.3207531
2.660587549
18.00037193
4.762694836
12.34983826
10.64131927
14.33592129
36.98107529
52.62178421
3.110126972
9.089897156
17.59143639
12.84907341
8.153792381
17.17074966
8.166358948
5.951653481
13.33711433
25.96372414
5.955272675
0
0
3.612879276
0
0
4.48764801
13.08413315
1.31600976
18.40174866
17.05297089
11.76214504
36.60129166
2.441668272
3.127911091
0.555827558
6.806960106
28.01470947
6.358077049
3.249932766
1.278403401
3.248272896
0.888826251
0
0
0
0
0
0
0
0
0
0.277913779
0
3.466143847
0
1.946146131
0.975698769
0.706641257
7.832936764
8.505853653
35.67252731
3.858513355
0.133256197
1.610479236
2.278270483
0
0
0
12.13705349
0
0
0
0
0
0
13.60760212
0.196015567
5.029445648
0.22266683
0
0
0
0
0
0
0
0
0
0
0
0
0
0
0
0
0
0
0
0
0
0
0
0
0
0
0
0
0
0
0
0
0
0
0
0
0
0
0
0
0
0
0
0
0
0
0
0
0
0
0
0
0
0
0
0
0
0
0
0
0
0
0
0
0
0
0
0
0
0
0
0
0
0
0
0
0
0
0
0
0
0
0
0
0
0
0
0
0
0
0
0
0
0
0
0
0
0
0
0
0.522718906
22.06295776
0
0
0
0
0
7.377362728
7.755429745
6.931845188
0
0
0
0
0
0
15.27676678
11.1318903
0
0
11.00045013
0
0
0
0
0
0
0
0
0
0
0
0
0
0
0
0
0.656706095
0.161604777
0
0
0
0
0
0
0
0
0
0
0
0
0
0
0
0
0
0
0
0
0
0
0
0
0
0
0
0
0
0
0
0
0
0
14.74438572
2.473367691
0
0
0
0
0
0
0
0
0
0
0
0
0
0
0
0
0
0
0
0
0
0
0
0
0
0
0
0
0
0
0
0
0
0
0
0
0
0
0
0
0
0.235527083
0
0
0
0
0
0
0
0
0
0
0
0
0
0
0
0
0
0
0
0
0
0
0
0
0
0
0
0
0
0
5.672432899
5.732727051
22.46022034
0
0.29368192
0
0
0
0
0
0
12.27439022
52.79852295
20.24304008
12.12351227
7.316149235
14.15678978
5.599849224
4.820848465
0
4.643826008
7.423332691
33.77088547
10.61907959
23.37660408
50.39390945
3.320748329
0
0
0
0
0
0
0
0.365340978
0
0
0.438409179
0
0
0
2.391011238
0.886861205
2.331976175
11.34869576
36.11983109
17.53609848
4.200420856
11.68360615
3.334611893
19.04820824
14.90190315
20.67695045
5.203041553
0.742337644
2.783436775
0
2.940211535
21.21113968
0.674596012
7.571042538
12.17891693
19.39248276
7.785500526
28.24967957
3.288921356
16.28216171
2.067849874
0.753968537
0
0
0
5.660847187
6.859041214
0.712860823
2.439863682
4.603296757
0.724027634
1.640890121
6.642641068
4.553889275
26.09421921
9.944318771
0.703238606
8.358866692
0.468825728
5.263603687
0.8536883
0
0
0
0
25.24848557
6.560788155
5.39584589
16.01619148
0
0
0
0
0
0
0
0
0
63.28068542
1.596025944
16.04598236
16.91010666
0
0
0
0
0
0
0
0
0
0
0
0
0
0
0
0
0
0
0
0
8.866107941
0
0
0
0
0
0
0
0
0
0
0
0
0
0
0
0
0
0
0
0
0
0
0
0
0
0
37.70687103
2.054847956
0
0
0
0
0
0
0
0
0
0
0
0
0.468825728
0
0
0
0
0
0
0
0
0
0
0
0
0
0
0
0
0
0
0
0
0
0
0
0
0
0
0
0
0
0
0
0
1.707376599
0.47494328
0
0
0
0
0
0
0
0
0
0
0
0
0
0
0.583916664
2.266970158
0
0
0
0
0
4.149467945
0
4.966453552
0
0
0
0
0
0
0
0
0
0
0.568406343
0
0
0
0
0
0
0
0
0
0
0
0
0.703673422
3.215000629
0.742337644
0
0
1.316556931
0
0
0
0
0
0
0
0
0
0
0
0
0
0
0
0
0
0
0
0
0
0
0
0
0
0
0
0
0
0
0
0
0
0
0
0
0
0
0
0
0
0
0
0
0
0
0
0
0
0
0
0
0
0
0
0
0
0
0
0
0
0
0
0
0
0
0
0
0
0.333496571
3.837516308
0
0
0
0
0
0
0
0
0
0
0
0
0
0
0
0
0.587363839
1.921826839
0.481276006
3.996784687
0
0
0
3.504473686
0
2.045909643
1.723745108
65.46376038
0
0
0
0
17.06181526
0.593870103
0.250065774
3.414753199
1.061498404
0
3.644312859
2.962542772
0.508854747
17.07275963
2.395962477
18.95173073
0.159925789
7.750163078
0
0
1.438462377
0.559642434
1.553741097
1.791330814
3.072605133
0
0
0.596176565
1.879785419
1.00728488
2.16751194
0.191019058
1.550237298
0
0
0.234412864
8.472350121
0
0
6.810757637
13.82474422
11.12381268
22.87612152
9.90749073
15.65737724
4.166136742
1.539922357
16.99326515
10.37322521
5.889176369
5.765120983
40.56942749
0
0.281295449
32.84645844
4.2194314
0.505359828
8.333906174
27.88433075
24.81485939
29.77594948
0.797632635
5.803581238
1.775199652
35.0044136
31.70618057
15.26006699
0.816571474
17.35838127
5.642521858
0
1.483515978
0
0
6.130647659
0.120757639
0.824122846
8.342205048
12.46623039
7.398391724
35.49819946
5.61693573
2.381295919
0.468825728
10.0019455
16.55145264
29.07282829
4.790951252
1.132557034
1.261716366
15.76667404
5.909375191
25.14435768
2.799746037
0.375060588
0
0
0.162833527
0
6.268003464
5.76130867
22.0829525
45.57830811
4.736805439
4.688257217
2.08764863
0.186095476
1.087495446
8.235983849
1.302960515
1.804470062
17.88948631
0
0
0
11.09882164
1.359594584
3.269073009
0
16.98494911
42.03330612
0
0
0
0
0
0
0
0
0
0.415442139
11.33891582
0
0
0
0.48466289
0
0
0
0
0
0
0
0
0
0
0
0.580037296
0
0
0
0
0
0
0
2.899443388
0
0
0
0
0
0
0
0
0
0
0
0
0
0
0
0
0
0
0
0
0
0
0
0
0
0
0
0
0
0
0
0
0
0
0
0
0
0
0
0
0
0
0
0
0
0
0
0
0
0
0
0
0
0
0
0
0
0
0
0
0
0
0
0
0
0
0
0
0
0
0
0
0
0
0
0
0
0
0
0
0
0
0
0
0
0
0
0
0
0
0
0
0
0
0
0
0
0
0
0
0
0
0
0
0
0
0
0
0
0
0
0
0
0
0
0
0
0
0
0
0
0
0
0
0
0
0
9.486250877
0.541543365
0.541543365
0
0
0
0
0
0
0
0
0
0
0
0
0
0
0
0
0
0
0
0
0
0
0
0
0
0
0
0
0
0
0
0
0
0
0
0
0
0
0
0
0
0
0
0
2.448640585
0
0
0
0
0
0
0
0.649852037
0
0
0
0
0
0
0
0
0
0
0
0
0
0
0.495220542
0
0
0
0
0.190469429
0
0
0
0
0
0
1.732938766
0
0
0
14.03787231
4.690236092
0.266156584
0
3.249260187
2.022790194
0.324926019
0
2.661565781
0
0
0
0.952347159
2.858416557
13.90392399
23.91426849
0
0
1.273556232
41.21859741
4.471430779
19.56111336
5.072292328
2.467218876
19.44477081
0.562738836
5.740359783
21.72992706
7.38250494
32.31335449
64.24653625
0
4.790818691
0
0
28.93208694
5.056613445
13.14066505
0
13.58668518
13.0967865
34.8800087
0
0.866469383
2.250955343
1.904694319
2.342178106
7.227117062
6.188371181
25.74501038
2.882501841
0
2.614715338
0
0
1.596939564
15.09701157
31.5744133
14.85498619
6.842563629
0
1.075702667
10.98229122
5.693306446
5.003743649
3.98389411
5.706009388
16.30345345
0
10.50308418
0.375159234
0
0
0
0
0
0
0
1.142816663
0
0
0
8.020902634
9.020630836
1.125477672
11.52612686
0
0
0.507918477
9.094449997
2.465279818
1.072010636
1.142816663
4.190832615
2.707716703
0
0
0
0
0
0
0
0.375159234
1.381864905
3.682494879
1.460265756
0
0
0
0
0
0
0
0
0
0
0
0
0
0
0
0
0
0
0
0
0
13.99857426
28.65276146
0.971085966
0
0
0
0
0
0
0
0
0
0
0
0
0
0
0
0
0
0
0
0
0
0
0
0
0
0
0.75816071
0
0
0
0
0
0
0
0
0
0
0
0
0
0
0
0
0
0
0
0
0
0
0
0
0
1.101890683
0
0
0
0
0
0
0
0
0
0
0
0
0
0
0.685799539
0
0
0
0
0
0
0
0
0
0
0
0
0
0
0
0
0
0
0
0
1.630254984
2.639110088
0
0
0
0
0
0
0
0
0.916702628
0
0
0
0
0
0
0
0
0
0
0
0
0
0
0
0
0
0
0
0
3.632652044
0
0
0
0
0
0
0
0
0
0
0
3.345077753
0.541543365
0.380938858
13.26681423
1.875796199
0
0.187579617
0
0
0
0
0
0
0
0
0
0
0
3.104030848
2.661565781
0
0
0
0
0
0
0
0
0
0
0
0
0
0
0
0
0
0
0
0
0
0
0
0
0
0
0
0
0
0
0
0
0
0
0
0
0
0
0
0
0
0
0
0
0
0
0
0
0
0
0
0
0
0
2.448640585
0
0
0
0
0
0
0
0
0
0
0.750318468
2.676334381
1.949556231
0
0
0
0
0
0
0
0
0
0
0
0
0
0.541543365
0
2.816025496
13.14651966
10.2037077
0.750318468
0
0.507918477
0.317449063
0
3.08741641
0
0
1.090223312
19.77948952
12.30072689
4.815814972
3.915312052
0.21292527
0
2.158653736
28.96291542
2.135535002
0.444428682
1.101757765
1.516321421
0.190469429
9.685394287
0
7.32828331
14.25143051
49.56853485
37.57412338
26.95039749
2.151219606
4.924123287
9.039217949
0
0.324926019
0.541543365
16.67511177
1.408012748
0.44153887
0.541543365
0.317449063
0
0
0
0
0
0
0.444428682
6.363409996
15.00250149
11.72483444
12.66559696
0
0
0
7.550116062
2.27448225
5.961907387
21.67003059
15.51433754
5.378902912
17.89207458
1.38207531
6.34214735
6.234947681
5.027742386
0
0.375159234
13.39648056
0
0
1.083086729
3.726192236
0
0
0
0.375159234
0
0.187579617
7.238471985
2.496610403
3.953886032
0.281369418
1.270666361
7.140530109
7.630239487
0.844108284
0
0
0
0
0
0
0.317449063
0.317449063
0
0
1.932941794
3.350615501
18.08999825
2.042545557
0
0
0
0
0
2.06337595
1.587245345
3.98251915
33.44939041
8.978366852
0
0.433234692
0
0
0
0
0
1.191395402
0
2.980304241
0
5.262403011
6.387758255
0
0
0
0
0
0
0
0
17.6933136
0
0
0
0
0
0
0
0
0
0
0
0
0
0
0
0
0
0
0
0
0
0
0
0
0
0
0
0
0
0
0
0
0
0
0
0
0
0
0
0
0
0
0
0
0
0
0
0
0
0
0
0
0
0
0
0
0
0
0
0
0
0
0
0
0
0
0
0
0
0
0
0
0
0
0
0
0
0
0
0
0
0
0
0
0
0
0
0
0
0
0
0
0
0
0
0
0.750318468
3.514875412
1.587245345
0
0
0
0
0
0
0
0
0
0
0
0
0
0
0
0
0
0
0
0
0
0
0
0
0
0
0
0
0
0
0
0
0
0
0
0
0
0
0
0
0
0
0
0
0
0
0
0
0
0
0
0
0
0
0
0
1.841247439
0
0
0
0
0
0
0
0
0
0
0
0
0
0
0
0
0
0
0
0
0
11.27046108
0
0
0
0
0
0
0
0
0
0
0
0
0
0
0
0
0
1.083086729
0
3.939172029
0
0
0
0.937898099
0.649852037
0
2.59940815
0
0
0
0
0
0
0
0
0
0
0
0
0
13.0852108
0
0
0
1.083086729
45.9841156
14.08012772
0
0
0
0
5.109178543
4.599756241
6.377707005
0
0
0
0
0
0
0
0
0
8.849160194
4.765581608
0
0
0
0
0.952347159
0
1.587245345
1.920518398
27.68693161
0
2.768028498
2.731647491
7.573765278
5.087205887
1.86563611
1.688216567
2.453714848
29.67177391
5.095510006
0
1.652710915
0
0
0
0
25.9271965
7.343983173
5.987308025
39.04976273
21.39095497
5.95427084
0
0
10.76294041
0.489340365
0
6.784463406
0
5.307125092
0
45.55316544
9.565629959
8.038493156
2.317238331
1.820513964
6.929577827
1.102770567
27.6599369
29.99073219
2.121451378
13.74664688
0.937898099
22.35715294
4.395393848
17.73831177
13.94438076
0
0
0
0
0
0
2.477477074
0
0
0
0
0
0
0
13.38362789
1.949556231
1.142816663
14.8499012
16.81393623
13.54597473
12.10576725
66.87308502
185.1287994
148.2936249
63.83686066
24.31612396
1.512196183
2.816025496
2.661565781
1.064626336
0
6.404397488
0
22.27004433
8.615308762
0
0.634898126
0
0.571408331
0
0
0
0
0
0.190469429
0
0
0
0
0
0
0
0
0
0
0
0
0
0
0
0
0
0
0
0
0
0
0
0
0
0
0
0
0
0
0
0
0
0
0
0
0
0
0
0
0
0
0
0
0
0
0
0
0
0
0
0
0
0
0
0
0
0
0
0
0
0
0
0
0
0
0
0
0
0
0
0
0
0
0
0
0
0
0
0
0
0
0
0
0
0
0
0
0
0
0
0
0
0
0
0
0
0
0
0
0
0
6.316800594
4.13522768
0
0
0
0
0
0
8.980984688
0.375159234
0
0
0
0
0
0
0
0
0
0
0
0
0
0
0
0
0
0
0
0
0
0
0
0
0
0
0
0
0
0
0
0
0
0
0
0
0
0
0
0
0
0
0
0
0
0
0
0
0
0
0
0
0
0
0
0
0
0
0
0
0
0
0
0
0
0
0
0
0
0
0
0
0
0
0
0
0
0
1.516321421
4.61493206
0.952347159
0
10.21033478
0
0
0
0
0
0
0
0
0
0
3.682494879
0
0
4.185271263
1.516321421
0
0.507918477
5.252229214
13.84522343
0.375159234
2.59940815
0
0
0
0
0.317449063
0
0
0
0.253959239
0
0
0
0
0
0
0
0
0
0
0
0
0
0
0
0
0
0
0
0.750318468
0
0.375159234
0
0
0.317449063
0
0
0
0
0
9.96439743
8.073307991
0
1.947955489
26.61565971
14.04229641
6.78047514
1.313057303
10.0613203
12.14690018
3.770497084
0
0
1.171089053
0.253959239
0
2.560183287
8.834458351
20.28419876
26.79346466
3.741880655
12.08098507
3.193879128
39.5382576
89.96009064
13.82376766
7.773827076
4.028616428
0.750318468
1.841204643
0
3.564012766
0
14.86890602
10.66445637
6.827188492
2.9435637
25.01828003
29.63866425
41.11624908
8.796227455
3.233575821
1.125477672
25.26584435
10.1900692
4.991600513
23.39635277
3.665843725
8.588022232
7.751469612
0
0.187579617
0
1.206306458
2.541332722
17.07674026
1.500636935
3.619729519
1.171089053
0
0
25.38553047
1.270666361
0
3.939172029
5.415433407
0
0
1.732938766
0.106462635
9.473237038
0
0
0.187579617
5.188130379
5.150819302
7.248343468
3.757178783
2.127010584
1.797690868
11.71570301
25.59926796
0
9.96194458
11.1740303
5.810533524
0
0
0
0
0
0
0.541543365
0
0
0.190469429
0
0
9.823409081
15.92222118
6.948310375
4.693586349
9.167469978
0
6.20827198
1.067767501
42.23576736
0
0
0
0
0
0
0
2.285633326
1.206306458
0
0
0
0
1.125477672
0
0
0
0
0
0
0
0
0
0
0
0
0
0
0
0
0
0
0
0
0
0
0
0
0
0
0
0
0
0
0
0
0
0
0
0
0
0
0
0
0
0
0
0
0
0
0
0
0
0
0
0
0
0
0
0
0
0
0
0
0
0
0
0
0
0
0
1.083086729
8.299087524
2.741119146
8.499634743
0
0
0
0
0
0
0
0
0
0
0
0
0
0
0
0
0
0
0
0
0
0
0
3.357568979
0
14.59699535
0
0
0
0
0
0
0.126979619
0
0
14.69184399
6.386451721
0
0
0
11.13490391
0
0
0
3.193879128
2.558306217
0
0
9.84812355
36.35699844
3.088866234
0
0
0
0
0
0
0
0
0
0
0
0
0
0
0.649852037
0.761877716
0
0
0
0
3.171423197
4.481714725
1.516321421
0
0
0
0
0.190469429
0.126979619
0
0
0.317449063
0
0
0
0
0
0
0
0
0
0
0
0
0
0
0
0
0
0
0
0
0
0
0
0.380938858
0
0
0
0
0
0
0
0
0
0
0
0
0
0
0
0
0
0
0
0
0
0
0
0
0
0
0
0
0
0
0
0
0
0
0
0
0
0
0
0
0
0
0
0
0
0
0
0
0
0
0
0
0
0
0
5.176482677
0.75816071
44.6999855
0.317449063
0
0
1.732938766
0
0
0
0
0
9.688100815
91.44236755
42.63574982
69.40005493
40.59846497
16.84896088
0
0
6.068370342
2.050022364
1.818816543
0.253959239
7.239459038
7.371693611
0
0
0
4.904664993
1.284384966
0
1.81724906
0.408349037
0
5.323131561
10.11693764
7.029385567
10.62186813
0.880187929
38.26318359
11.93788433
11.01556969
5.983952045
1.703402162
0.638775826
0
0.45019111
18.74341965
64.49768066
14.484128
8.225589752
0
3.46002388
7.865485668
40.01127625
30.43216896
11.14662075
6.45236969
0
1.965294361
17.94727325
2.334422588
20.77879333
14.49981213
0.535328627
35.51841354
3.414002895
2.328952312
36.93654251
1.826503992
5.09289217
0
1.894554257
0.431433111
2.341495752
0
0
0.253959239
0.380938858
0
0.190469429
11.13327122
20.3175087
18.57048225
9.068047523
1.902058005
1.064626336
0.496724516
26.63965988
0
3.074241161
9.921345711
5.20249033
0
3.558302402
4.007421017
0
0.187579617
9.318129539
8.126330376
1.65073514
0
0
9.830067635
1.475990891
15.66914558
37.96058655
109.8320007
5.821313858
0.187579617
1.095052004
0
9.639738083
0.281369418
0
12.72571468
40.46440125
3.721166611
2.301090002
0.750318468
0
0
0
0
0
0
0
0
0
0
0
0
0
0
0
0
0
0
0
0
0
4.765581608
0
0
0
0
0
0
0
0
0
0
0
0
0
0
0
0
0
0
0
0
0
0
0
0
0
0
0
0
0
0
0
0
0.649852037
1.083086729
0
0
0
0
0
0
0
0
0
0
0
0
0
0
0
0
0
0
0
0
0
0
0
0
0
0
0
0
0
0.433234692
1.083086729
0
0
0
0
0
0
0
0
0
0
0
0
0
0
0
1.406847119
5.988026619
0.571408331
0.974778116
2.428436756
0
0
0
0
0
1.500636935
0.937898099
0
0
5.503035545
0
0
0
0
1.406847119
5.037942886
0
0
0
0
0
0
0
0.761877716
0.317449063
0
1.031687975
2.491099358
0
0
0
0
0
0
0
0
0
0
0
0
0
0
0
0
0
0
0
0
0
0
0
0
0
0
0
0
0
0
0
0
0
0
0
0
0
0
0
0
0
0
0
0
0
0
0
0
0
0
0
0
0
0
1.299704075
0
0
0
0
0
0
0
0
0
0
0
0
0
0
0
0
0
0
0
0
0
0
0
0
0
0
0
0
0
0
0
0
0
0
0
0
0
0
0
0
0
0
0
0
0
0
0
0
0
0
0
0
0
0
0
0
0
0
0
0
0
0
0.317449063
0
4.332346916
0
0
0
6.88462019
1.012929916
0
0
29.44582367
1.73151207
13.31569099
5.29211092
0
0
0
0
0
8.231459618
0
0
0
0
2.077556372
14.78666592
3.912465572
4.917587757
4.515975475
17.03402138
74.13345337
22.24810028
3.613122463
17.50164032
1.732938766
4.911232471
0
28.33382416
5.717928886
0.562738836
4.975353718
0.131305724
7.168320656
0
0
2.945995808
1.408012748
7.424023151
0
3.843477726
8.631350517
27.15397072
0
0
0
0
24.38821983
8.759861946
3.726192236
1.679564357
40.89134216
48.21672058
5.269654751
0.525222898
0
0
0
0
0
0
0
0
0
0
0
0
2.661565781
11.18565845
8.734427452
0
0
0
0
0
0
0
0
4.790818691
0
0
0
3.790803671
0
0
11.63314629
0
0
0
0
0
3.790803671
4.062101841
0
0
0
2.662358761
0.300127387
42.94665909
3.465877533
0
0
0
0
0
0
0
0
0
0
0
0
0
0
0
0
0
0
0
0
0
0
2.661565781
0
0
0
0
0
0
0
0
0
0
0
0
0
0
0
0
0
0
0
0
0
0
0
0
0
0
0
0
0
0
0
21.07959938
20.90635872
6.472756863
0
0
0
0
0
0
0
0
0
0
0
0
0
0
0
0
0
0
0
0
0
0
0
0
0
0
0
0
0
0
0
0
4.87706995
0
0
0
0
0
0
0
0
0
0
0
0
0
0
0
0
0
0
0
0
0
0
0
0
0
0
0
0
0
0
0
1.949556231
2.59940815
0
0
0
0
0
0
0
0
0
0
0
0
0
0
0
0
0
0
0
0
0
0
0
0
0
0
0
0
0
0
0
0
0
0
0
0
0
0
0
0
0
0
0
0
0
0
0
0
0
0
0
0
0
0
1.16299355
0
0
3.725818396
0
0
0
0
0
0
0
0
0
0
0
0
0
0
0
0
0
0
0
0
0
0
0
0
0
0
0
0
0
0
0
0
0
0
0
0
0
0
0
0
0
0
0
0
0
0
0
0
0
0
0
0
0
2.27448225
2.859349012
0.433234692
0.962696791
0
0.994172037
0
0
0
0
0
0
10.34164333
5.27639246
0
0
0.476558179
14.95276833
3.32759881
0
6.373102188
1.650700688
0.190469429
0
12.92920017
31.60098457
13.70928478
0.281369418
3.09820056
3.888764858
0.126979619
0
0.75816071
0
2.401429415
4.635611057
0
3.028368711
0.931454599
3.775360346
41.67051697
13.39402676
9.359480858
14.98671722
11.16673279
21.92669868
4.428086758
18.47640228
42.07145309
19.17741776
13.84035301
24.6106472
6.689809799
0
2.643436432
8.626754761
0
20.97313881
8.816242218
0
0
0.187579617
0.637770712
5.323131561
13.45126152
1.66488111
0
0
9.266040802
12.58310795
0.317449063
1.079326868
2.872702122
15.05410576
5.57871294
1.069203734
32.7050209
1.460265756
1.732938766
6.498520374
0.126979619
8.517010689
8.351688385
13.4682169
9.334669113
0
0
1.21305716
0
34.98109055
11.71857834
0.190469429
3.210724592
35.1761322
13.4231739
0
0
0
0.262611449
0.126979619
7.458508015
45.90538406
31.39122963
67.9032135
10.39099407
5.627977371
0.253959239
21.84626961
16.8931942
0
2.166173458
0
0
0
0
23.17632484
0.281369418
0.190469429
7.499772072
0
0
0
5.086904526
0.498219907
0
0
0
0
0
0
0
0.693175495
0
0
0
0
0
0
0
0
0
0
0
0
0
7.319212914
9.829146385
5.908256531
3.638308048
0
0
0
0
0
0
0
0
0
0
0
0
0
0
0
0
0
0
0
0
0
0
0
0
0.519881666
0.779822469
0.541543365
0.931454599
0
0
0
0
0
0
0
0
0
0
0
0
0
0
0
0
0
0
0
0
0
0
0
0
0
0
0
0
0
0
0
2.235715389
0
0
0
0.216617346
0.216617346
0
2.874491215
7.612078667
0
0
0
0
0
0
0
0
0
0.782245994
0
0
0
0
0
1.432925224
0
0
0
0
0
0
0
0
0
0
11.86223412
8.2609272
0
0
0
0
0
0
1.144235611
0
0
0
0
0
0
0
0
0
0
0
0
0
0
0
0
0
0
0
0
0
0
0
0
0
0
0
0
0
0
0
0
0
0
0
0
0
0
0
0
0
0
0
0
0
0
0
0
0
0
0
0
0
0
0
0
0
0
0
0
0
0
0
0
0
0
0
0
0
0
0
0
0
0
0
0
0
0
0
0
0
0
0
0
0
0
0
0
0
0
0
0
0
0
0
0
0
0
0.761877716
0
0
0
0
0
0
0
0
0
0
0
0
0.931454599
0
0
0
0
0
0
0
0
0
0
0
0
0
0
0
0.563205063
1.064626336
0
0
0
0
0
0
0
0
0
0
0
12.22032356
2.166173458
1.064626336
0
0
0
0
2.730062008
3.465877533
14.57324791
1.171089053
36.38476181
28.30747795
4.364967823
7.97577095
2.348581553
0.82536757
1.63194263
1.552333236
0.698387921
0
0
4.438391209
3.737807274
16.96256638
54.1656723
9.398853302
26.50895691
13.95758438
1.187259555
19.81401825
13.30167007
4.912521362
0
0
0
18.33111191
0.761877716
3.4247756
41.04532242
32.30529404
17.97541237
5.659410477
0
0.375159234
0.431433111
0
6.31064558
0
0
0
0
6.552749157
21.99365234
1.796455503
0
6.621200085
0.281602532
0
0.571408331
2.476102591
42.25395203
23.95040894
6.002547741
1.635824203
0
1.732938766
4.469016552
0
4.144090652
0
0
0
0.225095555
0.187579617
0.761877716
38.48993683
42.94127274
11.00454903
14.30480099
1.228737235
4.576942444
0.525222898
0
0
0
0.216617346
0.60652858
3.574186325
2.707716703
0
15.4227581
0
0
0
0
0
0.819587946
0.750318468
0
5.323131561
0
0
0
0
0
0
0
0
0
0
0
0
0
0
0
0
0
0
0
0
0
0
0
0
0
0
0
0
0
0
0
0
0
5.323131561
6.764425278
0
0
0
0
0
0
0
0
0
0
0
0
0
0
0
0
0
0
0
0
0
0
0
0
0
0
0
0
0
0
0
0
0
0
0
0.866469383
0.216617346
17.03402138
0
0
0
0
0
0
0
6.387758255
0
0
0
0
0
0
0
0
0
0
0
0
0
0
0
0
0
0
0
0
4.950512886
1.046206832
0
0
0
0
0
0
0
0
0
0
0
0
0
0
0.389911234
0
0
0
0
13.74106503
4.080600739
0
0
0.975413978
0
0.190469429
0
0
0
0
0
1.596939564
0.259940833
0
0
0
0
0
0
0
0
0
0
0
0
0
0
0
0
46.47305298
0
0
4.258505344
3.950456142
0
0
0
0
0
0
0
0
0
0
0
0
0
0
0
0
0
0
0.45019111
0
0
0
0
0
0
0
0
0
0
0
0
0
0
0
0
0
0
0
0
0
0
0
0.216617346
0.30326429
0
0
0
0
0
0
0
0
0
0
0
0
0
0
0
0
0
0
0
0
0
0
0
16.19280624
7.162834167
0
0
0
0
0
0
0
0
0
0
0
0
0
0
0
0
0
0
0
7.984697819
6.387758255
3.613912821
0.253959239
0.888857365
0
4.1267519
0
0
0.375159234
2.852035284
2.661565781
0.519881666
0.259940833
1.797924042
16.66140175
2.036202908
0
0.563205063
1.324616551
11.82018089
4.245700359
0
0
0
3.08741641
0.498219907
0
0
0
0
0
0
0
0
0
0
0.634898126
0
19.90007782
14.33700371
2.595689058
19.90358162
6.941782475
3.639171124
0
0
0
0
0
32.06029129
3.526969671
7.920677185
4.228134155
1.125943899
68.48077393
17.56664085
1.559644938
0
29.45379257
7.550224304
1.277551651
12.46801472
5.993239403
61.72747803
50.16439819
9.089821815
14.02673435
3.957962036
2.14129734
0.159693956
11.4987421
0.649852037
2.27448225
0.600254774
1.171089053
0
8.550226212
4.813593388
1.949556231
0
13.73782635
11.98477554
1.819585562
19.45809364
0
0
5.304248333
26.78932381
24.10417747
16.41371346
8.139558792
3.341141701
0
0
2.663630486
0.952347159
15.44481754
1.61318481
27.21688652
24.9991703
1.171089053
0
0
0
0
0
0
0
0
0
0
0
0
0
0
0
0
0
0
0
0
0
0
0
0
0
0
1.041232944
0
0
0
0
0
0
0
0
0
0
0
0
47.95252991
53.90815735
0
0
0
0
0
0
0
0
0
0
0
0
0
0
0
0
0
10.41489697
10.37476635
0
0
0
0
0
0
0
0
0
0
0
0
0
0
0
0
0
0
0
0
0
0
0
0
0
0
0
0
0
0
0
0
0
0
0
0
0
0
0
0
0
0
0
0
0
0
0
0
0
0
0
0
0
0
0
0
0
0
0
0
0
0
0
0
0
0
0
0
0
0
0
0
0
0
0
0
0
0
0.190469429
0
0
0
0
0
0
0
0
0
0
0
0
0
0
0
0
0
0
0
0.380938858
0.750318468
0
0
0.190469429
0
0
0
0
0
0
0
8.794664383
0
0
0
0
0
3.422554255
0
0
0
0
0
0
0
0
0
0
0
0
0
0
0
0
0
0
0
0
0
0
0
0
0
0
0
0
0
0
0
0
0
0
0
0
0
0
3.451464891
9.653803825
4.318817616
9.961249352
0
0
0
0
0
0
0
0
0
0
0
0
0
0.203167394
0
0
0
0
0
0
0
0
0
0
0
0
10.69190979
3.32039237
0
6.983863354
0
4.471430779
0
0
6.121601105
0
0
0
0
0
0
0
0
0
0
0
0
0
0
0
0
0
0
1.171089053
0.108308673
0.173293874
2.095163822
9.581637383
1.171089053
0
0
1.210904241
1.129611611
0
0
0
0
1.365591764
12.67566776
2.463164091
9.010020256
2.395409346
11.91804981
7.420057774
0.580638468
0.568779528
1.912676215
11.26124954
0
0.457126647
2.707716703
0
10.11394978
0
0
0
0
10.11394978
2.250955343
24.56181526
0.745238423
33.88938522
16.04154778
10.19607353
3.348017693
23.34089851
7.73210907
28.02126312
2.586485863
19.98443222
11.37385559
11.00715065
14.37245655
0
0
0
3.094020844
0
0
4.445212364
0
0
0
0
0
2.02162075
3.465877533
5.13962698
4.375670433
0
0
0
1.596939564
0
0
0
13.00775051
6.234319687
33.0544281
31.87060928
14.44412613
0
0
13.02536201
2.285067797
0.108308673
0
0
0
0.216617346
9.146835327
8.780903816
1.120397687
0
0
54.25452805
0
0.259940833
0
10.54067516
46.97261047
26.0013752
6.663149357
5.965031624
4.89440918
0.932556808
14.90476894
3.653132439
0
0
1.971217871
2.30003047
0
22.89537239
7.34594965
6.402117252
68.5845108
7.331696033
0.532313168
0
9.452157974
3.123846292
1.304950237
11.86986828
0
3.48693347
0
0
0
0
0
0
0
0
0
0
0
6.106212616
0
0
0
0
0
0
0
0
0
0
0
0
0
0
0
0
0
0
0
0
0
0
0
0
0
0
0
0
0
0
0
0
0
0
0
0
0
0
0
0
0
0
0
0
0
0
0
0
0
0
0
0
0
0
0
0
0
0
0
0
0
0
6.580867767
6.687186718
0
0
0
0
0
0
65.46065521
0
0
0
0
0
0
0
0
0
0
0
38.25948715
14.77405834
4.970860004
0
0
0
0
0
0
0
0
0
0
0
0
0
0
0
0
0.304751128
1.163000107
1.171089053
0
0
0
0.909792781
7.101783752
0
0
0
0
0
0
14.42230988
19.4515152
7.954138279
7.392967701
0
0
0
0
0
0
0
0
0
0
0
0
0
0
0
0
0
0
0
0
0
0
0
0
0
0
0
0
0
0
0
0
0
0
0
0
0
0
0
0
0
0
0
0
0
0
0
10.0074873
0
0
0
0
0
0
0
0
0
0
0
0
0
0
0
0
0
0
0
0
0
0
0
0
0
0
0
0
0
0
0
0
0
0
0
0
0
0
0
0
0
0
0
0
0
0
0
0
0
0
0
0
0
2.872236013
0
0
0
0
13.09440899
0
0.862866223
0
3.352092981
1.917392373
2.661565781
0
0
18.5039463
27.44783783
20.26411247
0.952347159
9.316436768
0.324926019
0.346587747
17.14726067
4.724462509
1.596939564
8.405266762
10.88538647
6.9633708
0
0
1.231702328
5.323131561
4.790818691
0
1.079326868
0
2.203501701
27.55485725
6.661543369
29.84651566
18.6647625
2.723952055
30.0987854
36.23204422
6.560141563
1.299704075
17.30537415
1.01005733
10.359869
0.847525775
1.417329669
4.504117966
0
19.04180717
61.85046387
23.35618782
5.41301918
15.05734444
10.63195515
1.846042991
4.480988503
24.59058571
12.27899075
12.08730507
2.063393116
0
0
0
7.194978237
12.18672562
50.23561096
11.49164867
2.522667408
0
0
0
7.732443333
8.655919075
1.709012508
2.5297575
0
0
0
0
0
11.40062714
0
42.68573761
59.66558838
29.18133163
28.35565758
20.98404312
4.364967823
21.92425156
10.10583878
2.83650732
18.38403893
10.64626312
0.112547778
4.746212482
5.577112675
5.698290825
5.323131561
9.759069443
0
0
0
1.596939564
0
0
0.187579617
0.562738836
0
0
0
0
0
0
0
0
0
0
0
0
0
0
0
0
0
0
0
0
0
0
0
0
0.133328602
6.89689827
10.23036575
0
0
0
0
0
0
0
0
0
0
0
0
0
0
0
0
0
0
0
0
0
0
0
0
0
0
0
0
0
0
0
0
0
0
0
0
0
0
0
0
0
0
0
0
0
0
0
0
0
0
0
0
0
0
0
0
0
0
0
0
0
0
0
0
0
0
0
0
0
0
0
0
0
0
0
0
0
0.862866223
2.555103302
0
0
0
0
0
0
0
0
0
0
0
0
0.241261289
0
0
0
0
0
0.330146998
0
0
0
0
0
0
0
0
0
0
0
0
0
0
0
0
0
0
0
0
0
0
0
0
0
0
0
0
0
0
0
0
0
0
0
0
0
0
0
0
0
0
0
0
0
0
0
0
0
0
0
0
0
0
0
0
0
0
0
0
0
0
0
0
0
0
0
0
0
0
0
0
0
0
0
0
0
0
0
0
0
0
0
0
0
0
0
0
0
0
0
0
0
0
0
0
0
0
0
0
0
0
0
0
0
0
0
0
0
0
0
0
0
0
0
0
0
0
0
0
0
10.64940453
0
0
0
0
0
0
0
0
0
0
0
0
3.066506147
0
0
3.726192236
0
1.437245607
0.698387921
0.106462635
0
0
0
0
0
0
0
0.562738836
0
0
0
0
0
4.1267519
7.345921993
11.31196308
0
13.52323818
13.3334713
2.251594067
0
0
2.077582598
32.24106979
18.47779846
21.50803947
5.730358601
3.201759577
22.81282043
0
0
22.48244667
15.1176939
13.91448116
3.747479916
30.79930305
9.789347649
4.059905052
8.527952194
0
13.73961735
18.31344604
15.71882153
5.653712749
3.586617708
12.29076004
9.385213852
4.388806343
0.33331722
13.57461071
0
13.24686813
11.62872314
35.17077637
13.5054493
6.922136307
0.225095555
0
0
0
1.064626336
1.384014249
3.829531431
1.064877748
0
0
9.049324036
11.34903049
5.76002264
83.72801208
2.512948275
0
18.63096046
0
0
5.140541077
34.2666893
20.8669548
0
2.250955343
26.84480286
29.08949852
25.28642082
0
0
0
0
0
13.8401432
12.10294151
14.56328011
0
0
7.722599506
46.70698166
8.272451401
14.59225082
0
1.350573182
2.046649218
0
0
0
0.750318468
25.71025085
0
3.682494879
0
0
0
7.156835079
3.421015739
0
0
2.347258091
0
0
33.18273926
6.750062943
9.890556335
20.83021927
0
0
0
39.63115311
90.49851227
10.08042431
0
0
0
0
0
0
0
0
0
0
0
0
0
0
0
0
0
0
0
0
0
0
0
0
0
0
0
0
0
0
0
0
0
0
0
0
0
0
0
0
0
0
0
0
0
0
0
0
0
0
0
0
0
0
0
0
0
0
0
0
0
0
0
0
0
0
0
0
0
0.787834406
0.190469429
0
0
0
0
0
0
0
0
0
0
0
0
0
0
0
0
0
0
0
0
0
0
0
0
0
0
0
0
0
1.384014249
0
0
0
0
0
0
0
0
0
0
0
0
0
0
15.79417324
0.433234692
6.527216911
5.521383286
0
0
0
0
0
0
0
0
0
0
0
0
0
0
0
0
0
0
0
0
0
0
0
0
0
0
0
0
0
0
0
0
0
0
0
0
0
0
0
0
0
0
0
0
0
0
0
0
0
0
0
0
0
0
0
0
0
0
0
0
0
0
0
0
0
0
0
0
0
0
0
5.844006062
2.567403078
1.881575823
0.126979619
0
0
0
0
0
0
0
0
0
0
0
0
0
3.768543243
8.933815956
12.07364464
4.276966095
1.65073514
17.9279213
0
3.193879128
0
0
0
0
0
0
1.039763331
0
0
0
0
0
0
0
0
0
0
0
0
0
0
0
0
0
0
0
1.472997904
0
0
6.002547741
0.787834406
0
0
0
1.148072004
3.210380077
12.60431385
125.3230896
32.92822266
63.62515259
83.23025513
71.40035248
3.644636631
0
0
134.3511505
10.22474861
34.63896942
0
1.916327357
10.88918591
21.93130493
5.186458111
2.770323515
0
0
0
0
0
3.047510862
6.897336006
8.354440689
13.80565643
0
1.169733763
3.682494879
15.29454613
20.52926064
1.16299355
0
8.292452812
0.285704166
13.42218018
44.10966492
17.56940269
3.592857122
5.831346512
3.193879128
0
0
1.575668812
0
0.866469383
0.262611449
1.84758997
0.187579617
0
6.27469635
15.67494965
6.420709133
8.658679008
3.358536959
23.27233696
5.781519413
4.471430779
13.39636707
0
0
0
0
0
0
0
0
0
0
0
0
0
6.498520374
1.949556231
9.664309502
3.621945143
13.24036694
8.326416016
4.292609215
5.029266834
0
0
0
0
0
0.412675172
2.338300467
4.332346916
0
3.829639196
1.384014249
3.683089972
1.596939564
1.749547124
8.056211472
0
0
0
0
2.382790804
3.506501675
28.83016396
1.925557733
0
0
0
0
0
0
0
0
0
0
0
0
0
0
0
0
0
0
0
0
0
0
0
0
0
0
0
0
0
0
0
0
0
0
0
0
0
0
0
0
0
0
0
0
0
0
0
0
0
0
0
0
0
0
0
0
0
0
0
0
0
0
0
0
0
0.814173579
1.596939564
5.963794231
2.166173458
5.207978249
4.170503139
7.265672684
0.761877716
0
0
0
0
5.855444908
0
0
0
0
0
0
0
0
0
0
0
0
0
0
0
0.816698074
0.798469782
0
0
0
0
0
0
0
0
0
0
0
0
0
0
0
0
0
0
0
0
0
0
0
3.944170237
0
0
0
0
0
0
0
0
0
0
0
0
0.910362244
0
0
0
0
0
0
0
0
0
0
0
0
0
0
0
0
0
0
0
0
0
0
0
0
0
0
0
0
0
0
0
0
0
0
0
0
0
0
0
0
0
0
0
0
0
0
0
0
0
0
0
0
0
0
0
0
0
0
0
0
0
0
0
0
0.433234692
1.083086729
2.715898037
1.083086729
0
0
0
0
0
0
12.62520599
0
0
0
0
0
0
0
0
0
0
0
0
0
0
0
0
0
0
0
0
0
0
0
0
0
0
0
0
0
0
0
0
0
0
0
0
1.949556231
6.377707005
0
0
0
0
0
0
0
0
0
0
0
0
0.225095555
0
0
0
0
0
0.866469383
0
0
4.684356213
9.435074806
7.087965488
3.249260187
3.0027349
29.87835312
29.58193207
0.444428682
15.90880966
45.62707901
35.03081512
25.02547073
35.77869034
1.171089053
6.827959538
10.74550533
1.868250489
15.60372829
9.645915985
1.744132757
9.472829819
0.866469383
1.904694319
8.222307205
20.53652
7.731767178
8.158970833
38.44389725
0
0
0
0
20.5868721
26.44001007
23.19632339
12.77551651
0
0
0
0
0
88.19207764
2.989451408
0
4.459326744
0
8.664693832
0.937898099
0
7.581607342
17.85846138
58.35730743
39.99959183
0
6.361051559
7.269023895
2.685286045
11.08611488
0.953116357
0
0
0
9.7477808
31.14000893
2.02876687
22.57574272
5.115212917
5.61125946
13.09178066
5.292441845
26.53871346
55.22167587
94.59568787
72.02140808
9.609099388
0.42585054
0
0
0
0
0
1.655753374
1.19474721
1.224320292
27.25131035
4.115729809
0
0
0
0
0
0
0
0
0
0
0
2.10485816
2.185024023
0
0
0
0
0
0
0
0
0
26.08099747
10.32764912
0.507918477
0
0
0
0
0
0
0
0
0
0
0
0
0
0
0
0
0
0
0
0
0
0
0
0
4.073941231
22.27667618
0
0
0
0
0
0
0
0
0
0
0
0
0
0
0
0
0
0
0
0
0
0
0
0
0
0
0
2.260143995
2.250955343
0
0
0
0
0
0
0
0
0
0
0
0
0
0
0
0
0
0
0
0
0
0
0
0
0
0
0
0
0
0
0
0
0
0
0
0
0
0
0
0
0
0
0
0
0
0
0
0
0
0
0
0
0
0
0
0
0
0
0
0
0
0.649852037
0.866469383
3.869111538
0.866469383
0
0
0
0
0.380938858
0
0
0
0
0
0
0
0
0
0
0
0
0
0
0
0
0
2.661565781
11.87364006
5.528482914
0
0
0
0
0
1.516321421
0
0
0
0
0
0
0
0
0
0
0
0
0
0
0
0
0
0
0
0
0
0
0
0
0
0
0
0
0
0
2.162568331
0
2.698486805
11.04930687
0
0
0
0
0
0
0
0
0
1.862909198
1.442926645
0
0
0
0
0
0
0
0
0
0
0
0
0
0
0
0
0
0
0
0
0
0
0
0
0
0
0
0
0
0
0
0
0
0
1.732938766
3.193879128
0
1.490476847
4.444286823
20.53138351
41.63920593
33.53321838
14.93519497
0
5.415433407
6.498520374
21.66173363
1.732938766
0.375159234
7.452384472
14.37245655
7.022656441
7.915860176
23.06729507
7.503184795
31.70067978
2.446701765
1.732938766
0.866469383
6.046165943
3.193879128
0.375159234
5.202971935
12.11483479
14.65808105
7.693547249
5.911216259
0.253959239
24.98601151
4.725389957
9.224591255
11.01764679
21.11026382
12.6509409
1.122605085
1.16299355
14.26106548
1.478558064
5.285463333
0
0
21.53085899
14.55105877
14.07471275
5.974383831
3.381458759
0.634898126
0
8.619595528
5.912545204
7.014642239
12.72796059
11.19521713
1.913312078
2.738662481
0
2.13264513
2.002775908
10.809515
20.25979805
16.76165581
19.27304077
6.815969944
17.15992165
51.5899353
0
0
1.079326868
0
0
0
9.090544701
6.518021107
12.28012371
17.37453461
6.953420639
17.57575989
6.920071602
0
3.119289875
4.364967823
0
0
0
0
5.323131561
6.387758255
3.406804323
0
0
0
0
0
0
0
7.558846951
5.484975815
6.715350151
10.91242027
5.681167126
3.23394084
3.348897219
3.02221179
0
0
0
0
6.498520374
0
0
4.258505344
2.166173458
0
1.561602116
1.277551651
3.175500393
0
0
0
0
0
0
0
0
0
0
0
0
0
0
0
0
0
0
0
0
0
0
0
0
0
0
0
0
0
0
0
0
0
0
0
0
0
0
0
0
0
0
0
0
0
0
0
0
0
0
0
0
0
0
0
0
0
0
0
0
0
0
0
0
0
0
0
0
0
0
0
0
0
0
0
0
0
0
0
0
0
8.5050354
0
0
0
0
0
0
0
3.059654474
0
0
0
0
0
0
0
0
0
0
0
0
0
0
0
0
0
0
0
0
0
0
0
0
0
0
0
0
0
0
0
0
0
0
0
0
0
0
0
0
0
0
0
0
0
0
0
0
0
0
0
0
0
0
0
0
0
0
0
0
0
0
0
0
0
0
0
0
0
0
0
0
0
0
0
0
0
0
0
0
0
0
0
0
0
0
0
0
0
0
0
0
0
0
0
0
0
0
0
0
0
0
0
0
0
0
0
0
0
0
0
0
0
0
0
0
0
0
0
0
0
0
0
0
0
0
0
0
0
0
0
0
0
0
0
0
0
0
0
0
0
0
8.943009377
26.65233421
0
4.115729809
6.55686903
0
0
0
0
0
0
0
0
0
0
0
1.860251427
0
0
1.776262283
0
2.463456154
10.89209175
22.96801567
4.89051342
20.45212936
29.8654995
5.801737785
0
0
12.16012383
0
0
3.809388638
0
4.20178318
23.64668846
39.43836975
63.20849991
0
6.154567242
4.963678837
47.92379379
0.21292527
0
0
85.02339172
6.931755066
0
6.387758255
0
4.884337902
0
2.59940815
0
4.481768131
0.482522577
0
0
0
0
0.634898126
7.086163998
15.16019821
1.77003324
4.773989201
1.814944744
13.49839497
7.802764416
6.985276222
7.53466177
8.67778492
1.079326868
3.98389411
4.697226524
0
0.851701081
1.490476847
7.944692612
0
1.916327357
14.61672211
0.532313168
0
0
0
0
28.17611885
8.729935646
0
3.513266802
6.899069309
0
14.55439949
18.23210716
2.643600941
4.654989719
0
1.608875871
0
0
9.576249123
0
0
0
0
0
12.51653481
4.49272728
16.68138885
24.50974846
24.24699593
1.523755431
0
2.166173458
5.931119442
28.81728363
1.299704075
2.955123186
5.653595448
0
0.532313168
8.85912323
2.74273181
30.21976089
13.47447491
0
0
0
0
0
0
0
0.46894905
0
0
0.532313168
0
0
0
0
0
0
0
0
0
0
0
0
0
0
0.532313168
0
0
0
0
0
0
0
0
0
0
0
0
0
0
0
0
0
0
0
0
0
0
0
0
0
0
0
0
0
0
0
0
0
0.190469429
0
0
0
0
0
0
0
0
0
0
0
0
0
0
0
0
0
0
0
0
0
0
0
1.299704075
8.758440971
8.789933205
1.060551643
2.694881439
2.022790194
0
0
0
0
0
0
0
0
0
0
0
0
0
0
0
0
0
0
0
0
0
0
0
0
0
0
0
0
0
0
0
0
0
0
0
0
0
0
0
0
0
0
0
0
1.883636236
1.442622542
0
5.267649651
8.048934937
1.635338068
0.122617401
0
5.130082607
31.6942997
4.220227242
1.319217682
0
0
0
0
0
0
0
0.419905871
0
0
0
0
0
0
0
0
0
0
0
0
0
0
0
0
0
0
0
0
0
0
0.122617401
0
0
0
0.890149236
0.263764203
0
0
0
0
0
0
0
0
0
1.246610165
0
0
0
0
0
0
0
0
0
0
0
0
0
0
0
0
0
0
0
0
1.026526213
0
18.40608978
0
0
0
13.71229839
0
0
1.582585216
0
0
0
0
0
16.60106277
0
0
0
0.929026544
0
0
5.717292786
0
0.572214484
0
0
0
0
0.896798313
0
0
0
0
0
0
0
0
0
0
0
0
0
0
0
0
0
7.596506119
0.558703363
0
0
9.47032547
0
35.76837158
19.53867531
6.462469101
15.12093353
0.239867598
15.32561398
17.15716553
24.37745094
8.473448753
0
18.57708359
18.96726036
26.13972664
25.88135147
11.07504177
22.65802574
9.266519547
3.857958794
8.947178841
18.59963608
65.1869278
8.279679298
35.24869156
37.76735306
30.08438301
10.2151556
0.143065393
0
17.05391121
39.18390274
73.55213165
22.02100945
14.7451086
5.845580101
1.848902225
0.592650771
15.79590797
15.4646368
0.561751842
3.421423912
3.548927546
14.3824358
80.87844086
18.78433228
9.542129517
31.68037033
16.21820641
16.00480652
4.659461021
1.261815071
0
0
9.969758034
15.95388603
6.773387909
0
6.526518822
4.708510876
0.44959712
0.761801779
2.86107254
17.93916321
17.04191017
0.940066695
0.678189397
0
0.122617401
0
20.05623245
0.369269907
2.585045099
0
0
0
12.41557789
16.78219223
2.93126893
0
0
0
2.529801846
3.27289176
10.51520729
2.85209465
2.57774663
0
0
0.395870715
1.293699026
0
0
1.36176312
2.454398155
5.490208149
2.778594732
13.47998428
62.58148575
27.6660862
5.563928604
4.790035725
1.534028769
0
3.006911993
0
15.71444702
15.67011356
40.6351738
2.689438581
0
0.429160863
0
0
0
0
0.388288409
0.185805306
0
0
0
0
0
0
0
0
0
0
0
0
0
0
0
0
0
0
0
0
0
0
0
0
0
0
0
0
0
0
0
0
0
0
0
0
0
0
0
0
0
0
0
0
0
0
0
0
0
0
0
0
0
0
0
0
0
0
0
0
0
0
0
0
0
0
0
0
0
0
0
0
0
0
0
0
0
0
