0
0.866956651
11.4098959
1.403316975
0
0
0
0
0
0
0
0
0
0
0
0
0
0
0
0
0
0
0
0
0
0
0
0
0.190323368
0
7.025084972
8.486167908
2.048551083
0.842832804
0
0.126424909
12.12874794
7.662349224
7.941205025
0
0
0
0
0
0
0
0
0
0
0
0
0
0
0
0
0
0
0
0
0
0
0
0
0
0
0
0
0
0
0
0
0
0
0
0
0
0
0
0
0
0
0
0
0
0
0
0
0
0
0
0
5.704342842
0
0
0
0
0
0
0
0
0
0
0
0
0
0
0
0
0
0
0
0
0
0
0
0
0
0
0
0
0.674266279
0
0
0.62105304
0
5.426229
0
0
3.951100111
0
0
0
0
0
0
0
0
0
0
0
0
3.061858892
0
0
0
0
0
0
0
0
0
0
0
0
0
1.563123345
13.37315941
9.15749073
1.605060458
1.853301883
0.931947887
13.9933033
8.948465347
43.90615463
34.03408432
11.349617
1.411853313
0.655503333
0
0
8.808279037
0
0
0
0
12.27445602
25.70009422
0.866956651
0
0.824734628
15.10917664
6.707422733
1.183527112
12.40937519
1.431100726
3.911883593
9.248272896
14.22452831
8.950429916
47.65097046
29.4719162
16.77841759
5.821450233
23.9725666
38.01516342
8.622162819
4.20317173
15.94362354
11.9192524
4.111001968
9.29775238
4.458529949
3.109412193
0.140472129
0
0
0
0
0
12.13954163
31.41271973
0
0.983304918
6.609015465
11.25399113
41.88834381
15.54814625
9.582554817
13.03240585
73.00912476
7.144996643
8.309058189
1.554706097
4.220838547
5.741938591
12.25590324
7.00993824
3.872167587
6.616287708
9.189554214
0
0
51.03528595
23.78524017
9.302897453
15.05144787
46.21626663
4.066436768
2.334399223
0.897143006
3.261043549
45.4948616
42.30685043
20.58349228
28.58354759
0
11.91928387
1.432482362
26.76130867
5.879265308
3.849369287
0.655056775
0
5.032363892
7.762650967
10.25846577
16.92425346
23.64328003
0
0
0
0
1.206289649
18.78872108
7.479737282
15.74021339
25.73374748
2.31924963
7.461956024
2.318033457
10.33611488
19.99255371
23.89260864
42.09534454
29.74885559
0
4.685877323
0.15242216
1.76785171
9.12815094
0
2.460831165
0.627270639
23.19238663
0
0
2.588433266
0
0
0
0
0
0
0
0
0
0
0
0
0
0
0
0
0
0
0
0
0
0
0
1.097439528
0
0
0
0
0
0
0
0
0
0
0
0
0
0
0
0
0
0
0
0
0
0
0
0
0
0
0
0
0
0
0
0
0
0
0
0
0
0
0
0
11.61239052
1.561752677
0
0
0
0
0
0
0
0
0
0
0
0
0
0
0
0
0
0
0
0
0
0
0
0
0
0
0
0
0
0
0
0
0
0
0
0
0
0.485695243
3.60509634
0
0
0
0
0
0
0
0
0
7.647685528
0
8.920786858
0
0
0
0
0
0
0
0
0
0
1.10978651
0
0
0
0
0
0
0
0
0
0
0
0
0
5.998901844
0
0
0
0
0
0
0
0
0
0
0
0
0
0
0
0
0
0
0
0
0
0
0
0
0
0
0
0
0
0
0
0
1.737057209
0
0
0
0
0
0
0
0
0
0
0
0
0
0
0
0
0
0.356009126
0
0
0
8.055533409
0
1.206289649
0
0
0
0.965031803
0
0
0.561888516
0
0.15242216
0
0
0
0
0
0
0
0
0
0
0
0
0
0
0
0
0
0
0
0
0
1.859383702
0
0
0
0
0
0
0
0
0
6.429359913
1.05312264
1.8395679
2.264027119
0.672475934
0
0
0
0
0
6.655879974
7.160112858
0.177635133
5.403728008
6.160670757
0.756349981
0
0
0
0
7.404544353
0
0
1.338348269
8.277859688
0
0
16.12348747
0
0.762110829
0
0
0
0
0.280944258
25.61292267
28.10286713
19.71144676
46.07321167
7.12471962
1.42753315
11.51020622
1.707128167
0.210708201
14.96744633
32.24560547
7.844944
31.45576477
5.418539047
1.435792208
3.939314604
0.546102285
14.95785713
33.09866714
28.47984314
18.18139267
31.47711563
18.24263763
0
3.275284052
3.425862789
0
30.90214729
4.219546318
4.313203812
2.040203094
0.742073834
0
7.164270878
7.847184658
19.50581932
1.965968132
0
13.92078495
20.36648941
3.491142035
0.712437809
1.13729775
13.74913406
5.553742409
5.020117283
1.685665607
0.140472129
15.98978519
7.426874638
0.323085904
2.661875248
0.280944258
1.93235445
7.731095791
22.71108627
1.424036503
6.023707867
3.769620419
3.667120695
15.99019241
10.50709057
24.45923615
5.426229
8.787817955
2.460831165
0
26.78605843
4.968958378
93.45062256
43.98720169
9.568561554
0
0
0
0
0
0
0
0
5.369948864
3.540892124
0
0
0
0
0
0
0
0
0
0
0
0
0
0
0
0
0
0
0
0
0
0
0
0
0
0
0
0
0
0
0
0
0
0
0
0
0
0
0
0
0
0
0
0
0
0
0
0
0
0
0
0
0
0
0
0
0
0
0
0
4.336407185
4.23251152
0
0
0
0
0
0
0
0
0
0
0
0
0
0
0
0
0
0
0
0
0
0
0
0
0
0
0
0
0
0
0
0
0
0
0
0
0
0
0
0
5.261771679
0
0
0
0
0
0
0
0
0
0
0
0
0
0
0
0
0
0
0
0
0
0
0
0
0
0
0
0
0
0
0
0
0
0
0
0
0
0
3.527892828
0.762110829
0
0
0
0
0
0
0
0
1.737057209
0.140472129
0
0
1.633500576
0
0
0
0
0
0
1.206289649
0
0
0
0
0
0
0
0.81322366
0
0
0
0
0
0
0
0
0
2.077725887
0
0
0
0
0.312482387
8.230349541
0
0
0
0
0
0
0
0
0
0
0
0
0
0
0
0
0
0
0
0.778452337
0
0
0
0
0
0
0
0
6.336219311
0
1.102967858
1.098574042
0
0
0
0
0
0
0
0
0
0
0
0
0
0
0
0
0
0
0.149991542
0
0
0
0.280944258
0
0
0
9.524625778
12.40065861
0.144754767
0.842832804
0
0
3.667120695
8.732426643
1.003368735
0
5.404178143
1.148123622
0
0
0
0
4.656826973
7.453300476
15.19925022
0
0
0
3.70249486
0
0.627270639
10.2790699
4.50528717
12.60708332
1.139229178
6.246506214
0.762110829
0.868528605
15.24890423
3.028835058
12.47333908
10.60558891
46.79236603
24.87095451
6.261817932
0
0
0
3.811875343
5.162919998
0
0.627270639
0
23.26323318
9.397098541
16.39954567
8.405247688
10.59821796
0
11.87940216
26.05672646
4.294415951
4.602544308
26.89464378
0.396297604
0
0
17.37029457
7.357365131
39.30741501
3.675312757
15.34960079
6.403263569
17.31240463
3.123505354
6.757213593
1.351044536
6.885870934
2.316816807
11.75620842
3.445901155
1.833560348
57.54663849
4.422749519
0.482515901
10.53711891
1.720296979
1.281632781
26.76704788
12.2403574
9.611165047
5.986245632
11.60488224
17.89561653
20.22125626
1.660826325
1.305949092
4.003923416
0
0.327465475
1.062166333
0
18.29334831
35.57512283
2.514814377
0.50686413
4.457717896
0
0
0
0
0
0
0
0
0
0
0
7.990673065
0.922521591
0
2.432948112
39.32739258
14.19339466
0.664335489
0
0
0
0
0
0
0
0
0
0
0
0
0
0
0
0
0
0
1.408318639
61.03675842
0.874605417
0
0
0
0
0
0
0
0
0
0
1.618395805
0
0
0
0
0
0
0
0
0
0
0.236133367
23.41712379
0
1.856618404
0
0
0
0
0
0
0
0
0
0
0
0
2.585007191
0
0
0
0
0
0
0
0
0
0
0
0
0
0
0
0
0
0
0
0
0
0
0
0
0
0
0
0
0
0
0
0
0
0
0
0
0
0
0
0
0
0
0
0
0
0
0
0
0
0
7.436724186
0
0
0
0
0
0
0
0
0
0.792075455
0
0
0
0
0
0
0.609793544
0.644839168
11.17788506
3.74915719
0
0
0
0
0
0
0
0
0
0
0
0
0
0
0
0
0
0
0
0
0
0
0
0
0
0
0
0
0
0
0
0
0
0
0
0
0
0
0
0
0
0
0
0
0
0
0
0
0
0
0
0
0
0
0
0
0
0
0
0
0
0
0
0
0
0
0
0
0
0
0
0
0
0
0
0
0
0
0
0
0
0
0
0
0
0
0
0
8.64324379
3.404308319
11.15631485
0
0
0
0
0
0
0
0
0
0
0.771003366
0
0
0
0
0
0
0
0
0
0
0
0
0
0
0
0
0
0
0
0
0
0
5.386113167
0.264025152
4.297479153
0
0
0
0
14.72175407
59.80130386
41.70752335
24.20443916
0.667750955
18.00518608
13.08315372
11.26534557
12.72926903
22.34775352
11.96530437
3.74963975
0
0
4.536072254
0.133173302
1.404266596
2.397119522
31.43490791
8.160020828
14.8180685
9.959241867
23.24638939
16.47573853
28.74445915
9.725213051
0
18.93527794
0.911185801
0.404274344
0
0
14.47924328
11.16285419
0
0
0.479789883
14.50818634
3.615838289
0.168218926
0
0.264025152
0
0
11.9689827
1.128468633
0
0
0.264025152
0
0
2.414530516
1.387805939
4.787247658
8.199900627
11.98321533
2.182247639
17.97180748
21.52479172
12.83196354
2.434237242
1.770021439
6.706084251
21.49530411
43.54410172
17.87722778
1.629772186
10.73723125
7.128679276
9.129104614
6.95437479
26.1036911
4.19694376
12.8591423
0.154200673
5.982866764
0.866876364
11.25236225
14.76776409
43.71055222
9.801354408
1.617097378
7.913984299
0
0
4.059925556
17.39846802
0
0
32.79675674
23.44394493
9.19472599
28.6470871
19.44872284
51.38762665
1.441120505
0
0
0
4.788208485
0
0
1.362211823
1.056100607
0
0
1.482339263
1.751855493
0
2.029962778
2.057999372
0.883149326
0
0
0
0
0
0
0
0
0
24.58667755
0
0.890158415
0
0
0
0
0
0
0
0
0
0
0
0
0
0
0
0
0
0
0
0
0
0
0
0
0
1.234520316
10.96177101
0.26951623
0
0
0
0
0
0
0
0
0
0
0
0
0
0
0
0
0
0
0
0
0
0
0
0
0
0
0
0
0
0
0
0
0
0
0
0
0
0
0
0
0
0
0
0
0
0
0
0
0
0
0
0
0
0
0
0
0
0
0
0
0
0
0
0
0
0
0
0
0
0
0
0
0
0
0
0
0.285029739
0.548134148
0.542905509
0
0
0
0
0
0
0
0
0
0
0.197328269
0.109626822
0
0
0
0
0
0
0
0
0
0
0
0
0
0
0
0
0
0
0
0
0
0
0
0
0
0
0.877014577
5.452763557
0.786122501
0
0
0
0
0
0
0
0
0.175402924
0
0.15347755
13.11069393
14.59379768
0
0
0
0
0
0
0
0
0
0
0
0
0.15347755
0
0
0
0
0
0
0
0
0
0
0
0
0
0
0
0
0
0
0
0
0
0
0
0
0
0
0
0
0
0
0
0
0
0
0
0
2.762595892
0.542905509
3.067014694
0
0
0
0
0
0
0
0
0
0
0
0.542905509
0
0
0
0
0
0
0
0
0
0
0
0
0
0
0
0
0
0
0
0
5.212682724
7.005160332
8.879529953
0
0
0
5.27243948
55.09603882
4.167782307
0
1.628716469
7.32922411
42.12473297
0.394656539
1.085811019
0
0
0
0
0
3.262234211
0
0
2.432585478
4.301502228
0
2.259323359
0
15.48593044
63.09595871
44.29947281
6.888895988
21.70301247
19.50269508
29.38415527
4.593372345
1.205895066
22.20774078
5.507712841
10.22467995
0
0
0
0
0
5.212682724
0
0
0
11.63418484
26.02504349
2.714527369
25.93183517
2.171622038
0
30.0654583
2.324088812
0
3.870399475
3.257432938
5.867768288
42.82519531
2.017133474
10.92831039
9.010818481
29.85881424
15.98648262
24.67380905
2.815999508
0.129425094
0
0
50.31142044
25.53593826
10.85815907
2.749851704
0.968765676
3.000175238
0
4.865170956
0
2.432585478
0
0
0
0
0
0
0.711838067
42.73921967
38.45640564
10.81159687
19.26224136
16.36670113
11.73100662
0
0
0
0
0
0
0
0
0
0
0
0
0
0
0
2.782639742
10.50781631
0
3.800338507
0
0.13155219
2.762595892
0
0.679481745
0
0
0
0
0
0
0
0
0
0
0
0
0
0
0
0
0
0
0
0
0
0
0
0
0
0
0
0
0
0
0
0
0
0
0
0
0
0
0
0
0
0
0
0
0
0
0
0
0
0
1.100113273
0
0
0
0
0
0
0
0
0
0
0
0
0
0
0
0
0
0
0
0
0
1.18769002
8.032766342
0
0
0
0
0
0
0
0
0
0
0
0
0
0
0
0
0
0
0
0
0
0
2.7131145
0
0
0
0
0
0
0
0
0
0
0
0
0
0
0
0
0.140472129
0
2.709756613
0
0
0
0
0
0
0
0
0
0
0
0
0
0
0
0
0
0
0
0
0
0
0
0
0
0
0
0
0
0
0
0
0
0
0
0
0
0
0
0
0
0
0
0
0
0
0
0
0
0
0
0
0
0
0
0
0
0
0
0
0
0
0
0
0
0
0
0
0
0
0
0
0
0
0
0
0
0
0
0
0
0
0
0
0
0
0
0
0
0
0
0
0
0
0
0
0
0
0
0
0
0
0
0
0
0
0
0
0
0
0
0
0
0
0
0
0
1.206289649
0
13.22686672
24.99403381
0.640816391
30.45275497
4.197646618
14.57198048
2.026937008
0.241257951
57.16553879
14.84483719
16.17103577
18.08149719
7.693627357
9.444818497
14.93659019
16.01434708
3.667120695
0
0
0
0
3.871522665
3.109412193
0
0
0
0
3.570617437
0
0.351180315
3.933219671
2.316816807
12.78704166
1.158408403
1.206289649
7.094464302
20.14836121
2.074818373
0
0
0
0
6.611207962
20.13490295
6.34779644
1.495799184
0
6.549367905
15.69892406
5.393651485
12.75328732
17.54264641
19.36769104
1.600089669
35.22655869
23.40216255
20.48017883
20.56583214
11.06444168
4.740051746
22.71132469
5.983937263
26.90555954
11.77096844
6.072975159
8.339982033
10.34755611
0.284807295
4.220087051
2.310415983
0.356009126
0
0
0
1.615429521
0.280944258
0
0
0
1.966609836
11.12213516
7.544155598
6.497248173
2.316816807
6.552864552
2.316816807
0
0.386012703
0
0
0
0
0
0
0
0
0
0
0
0
0
0
0
0
0
0
0
0
0
0
0
0
0
0
12.25590324
0
0
0
0
0
0
0
0
0
0
0
0
0
0
0
0
0
0
0
0
0
0
0
0
0
0
0
0
0
0
0
0
0
0
0
0
0
1.158408403
3.51135087
4.927742004
0
0
0
0
0
0
4.199360847
0
1.833560348
0
0
0
0
0
0
6.098004818
0
0
0
0
0
0
0
0
0
0
0
0
0
0
0
0
0
0
0
0
0
0
0
0
0
0
0
0
0
0
0
0
0
0
0
0
0
0
0
0
0
0
0
0
0
0
0
0
0
0
0
0
0
0
0
0
0
0
0
0
0
0
0
0
0
0
0
0
0
0
0
0
0
0
0.140472129
0
0
0
0
0
0
0
0
0
0
0
0
0
0
0
0
0
0
0
0
0
0
0
0
0
0
1.495799184
0.965031803
0
0
5.936056137
0
0
4.318095207
0
4.259281158
0
0.396297604
2.2264359
6.010971069
4.272109509
0
0
0
0
0
0
0
0
0
0
0
0
0
0
0
0
0
0
0
0
0
0
0
0
0
0
0
0
1.068027377
4.272109509
0
0
0
0
0
0
0
0
0
0
0
0
0
0
0
6.27320528
2.499167919
0
0.396297604
0
0
0
0
0
0
0
0
0
0
0
0
0
0
0
0
0
0
0
0
0
0
0
0
0.15242216
0
2.798592329
0
0
4.449430943
0
1.795964003
1.506084085
0.868528605
1.585456848
0
0.627270639
0
0.762110829
0
0
9.578172684
3.185345411
0
0
9.216053963
19.48413849
18.54991913
7.623648167
11.63585091
2.403035164
4.434863567
0
0
0.140472129
0
0
0
15.46421337
0.97281903
6.967495441
7.358108521
10.83100033
5.518816471
0.140472129
0
0
4.74941349
7.394629478
18.8415432
1.91830802
8.533082962
1.562298775
11.26313114
10.21648884
7.867098808
4.29513216
13.13622856
2.579890013
3.039850235
40.05335999
3.46163106
3.346979141
3.406268835
0.280944258
3.309067249
24.8867054
0.767323196
0.762110829
15.36864567
0
22.39024162
11.31171989
4.512794018
7.228168011
17.04814339
2.859828711
22.39297867
20.32959175
27.10528564
16.29653549
22.98732758
4.754144669
1.88218224
0.868528605
24.85780334
6.058353424
4.595296383
8.309360504
15.54030037
22.50168991
17.19379807
1.206289649
0
1.158408403
6.031448841
2.163327456
27.59696198
8.586364746
2.269544125
22.80317497
33.25799561
1.953436375
12.22897911
6.260315895
15.63644123
1.570057154
0.347230464
2.598734379
0
0
0
1.452517271
0
0
0
0
0
0
0
0
0
0
0.421416402
0
0
0
0
0
1.833560348
0
0
0
0
0
0
0
0
0
0
0
0
0
0
0
0
0
0
0
0
0
0
0
0
0
0
0
0
0
0
0
0
0
0
0
0
0
0
0
0
0
2.316816807
0
0
0
0
0
0
0
0
5.269050121
0
0
0
0
1.023568273
2.926505566
0
4.632152557
0
0
0
0
0
0
0
0
0
0
0
0
9.369585991
0
0
0
0
0
0
0
0
0
0
0
0
0
21.24280167
0
0
0.291206449
0
0
0
0.258850187
1.162044406
0
0
0
0
0
0
0
0
0
0
0
0
11.83569908
5.820500374
5.976178646
3.45897913
0
0
0
0
0
0
0
0
0
0
0
0
0
0
0
0
0
0.226493895
0
0.194137648
0
0
0
0
0
0
0
0
0
0
0
0
0
0
0
0
0
0
0
0
0
0
0
0
0
0
0
0
0
0
0
0
0
0
0
0
0
0
0
0
0
0
0
0
0
0
0
0
0
0
0
0
0
0
0
0
0
0
0
0
0
0
0
0
0
0
0
0
0
0
0
0
0
0
0
0
0
0
0
0
0
0
0
0
0
0
0
1.563804865
0
0
0
0
1.390048742
0
0
0
0
0
1.112039089
0
0
0
0
0
0
0
0
0
6.67773819
0
2.631043673
27.9899044
0
0
0.868780494
0
2.328331709
5.650676727
0
7.680691719
1.251043916
1.797879815
1.620048881
13.52369404
2.363082886
0
1.251043916
11.65164185
18.38723946
11.33844566
5.186703205
1.080359578
2.714527369
15.18136883
8.195693016
5.15771389
8.884025574
15.05227375
31.8913517
11.21692562
6.514865875
0
10.31918526
8.046512604
32.42333221
9.914591789
1.042536616
5.737883091
0.695024371
6.79812479
3.528885841
3.269999027
31.81900215
5.991310596
6.200139046
2.165382624
56.04819489
26.18274879
36.97880554
16.87557983
6.117583752
6.624223709
2.780940056
9.556962013
16.35243988
9.443462372
1.35896349
4.864036083
1.357263684
0
8.337720871
13.951581
0.737043142
10.43096924
36.59751892
2.516188383
2.856536865
3.069550991
12.16292667
8.592819214
35.54890823
53.29227829
1.628716469
12.38824749
13.20338249
29.49275589
0
0
0
0
0
0
0
0
0
0
0
0
0
0
0
0
0
0
1.096268296
20.87384987
0
0
3.41607523
11.60383511
9.849695206
0.482358068
0
0
2.058875561
0
7.677507401
0
0
0.542905509
0
0.657760918
0.328880459
2.850297451
1.132469535
45.99863815
25.21951294
1.956814647
0
0
0
1.876565933
0
0
0
0
0
0
0
0
0
0
0
0
0
0
0
0
0
0
0
0
0
1.876565933
0
0
0
0
0
0
0
0
0
0
0
0
0
0
0
0
0
0
0
0
0
0
0
0
0
0
0
0
0
0
0
0
0
0
0
0
0
0
0
0
0
0
0
0
0
0
0
0
0
0
0
0
0
0
1.279770374
0.194137648
1.320546269
0
0
0
0
0
1.592302442
0
0
0
0
0
0
0
0
0
0
0
9.18214035
0
0
0
0
0
0
0
0
0
0
0
0
0
0
0
0
0
0
0
0
0
1.158408403
0
0
0
0
0
0
0
0
3.932051659
0.231925428
2.37461257
3.811875343
0.57901907
0
0
0
0
0
0
0
0
0
0
0
0
0
0
0
0
0
0
0
0
0
0
0
0
0
0
0
0
0
0
0
0
0
0
0
0
0
0
0
0
0
0
0
0
0
0
0
0
0.70236063
2.460831165
0
0
0
0
0
0
0
0
0
0
0
0
0
0
0
0
0
0
0
0
1.765805244
4.419525623
15.60324192
0.85478276
0
0
0
0.427210957
0
0
0
0
10.53787041
0
3.667120695
0
0
0
0
0
0
0
0
0
0
0
0
0
0
0
3.329359531
0
0
2.557334423
0
2.672825813
9.55664444
0.561888516
0.351180315
0
0
0
0
0
0.170884401
12.55733204
0
0
0
0
0
0.762110829
1.48099792
5.155915737
5.607839584
0
0
0
0
0
3.12680912
2.229857922
0.386012703
12.05584431
5.822526932
4.420749187
74.62320709
24.77701378
8.612308502
18.35413742
31.1289711
26.50644684
15.27210808
33.82204056
0
2.133354664
3.184604883
0
37.53706741
20.65665245
31.67754745
18.78398705
11.47479725
10.51884556
4.632152557
19.94034767
0.482515901
4.633633614
35.53931808
19.78973198
22.30824089
17.83069801
30.22480774
4.610064983
1.10978651
4.074443817
25.29596901
4.663946152
3.871522665
10.34059525
97.12001801
3.484970808
30.24591255
38.56791687
0.762110829
0
5.85064888
21.46318054
4.247820377
0
5.770197868
2.813296795
4.026080132
11.32783699
4.743344307
2.843385458
12.85953045
0
0
9.553813934
0.241257951
16.52112007
0.210708201
1.338594317
0
8.712285042
3.228200436
33.85316849
4.784762383
7.999849319
0
4.160920143
0
0.762110829
5.646176338
5.511706352
4.972770214
7.993793488
5.114797115
9.650317192
3.137742043
0
0
4.928613663
4.75462532
3.638664722
0.396297604
6.89070034
0
1.003368735
3.730975628
0
0.482515901
0
0
0
0.280944258
0
0
0
0
0
0.491652459
0.842832804
13.77375317
0
0
0
0
0
0
0
0
0
0
0
0
0
0
0
0
0
0
0
0
0
0
0
0
0
0
0
0
0
11.52326012
44.72377777
1.10978651
0
0
0
0
0
0
0
0
0
0
0
0
0
0
0
0
0
0
0
0
0
0
0
0
0
0
0
0
0
0
0
0
0
0
0
0
0
0
0
0
0
0
0
0
0
0
0
0
0
0
0
0
0
0
0
0
0
0
0
1.727142572
2.943346977
0
0
0.396297604
10.28223324
10.14348793
0
0.723773837
2.51973772
35.97428894
0
0
0
0
0
0.427210957
0
0
0
0
0
0
0
0
0
0
0
0
0
0
0
0
1.27249372
0
0
0
0
0
1.158408403
2.316816807
0
0
0
0
0
0
0
13.28011513
2.997343063
0
3.197246075
0
0
0
0
0
0
0.144754767
3.377981663
0
0
0
0
0
0
0
0
0
0
0
0
0
0
0
0
0
0
0
0
0
0
0
0
0
0
0
0
0
0
0
0
0
0
0
0
0
0
0
0
0
0
0
0
0
0
0
0
0
0
0
0
0
0
0
0
0
0
0
0
0
0
0
0
0
0
0
0
0
0
0
0
0
0
0
0
0.140472129
0
0
0.341768801
0
0
4.267820835
5.330399513
0
0.280944258
0
0
0
0
1.194013119
1.224671483
0
0
0
0
23.22596931
19.43647385
15.55028152
0.284807295
0
0
0
0
0
0
0
8.967791557
0
7.823115826
0.898665845
11.11003304
3.222941875
1.244626641
1.394431472
3.464199781
9.546743393
1.003368735
0.561888516
15.98729706
22.43775368
31.22752762
18.89290428
53.81200027
1.755901575
0
0
0
0
0
2.699923515
50.24470139
12.6021204
9.557078362
1.474129081
0
0
0
0.592438281
1.665294409
1.920148969
1.554335833
16.47510338
7.238479137
19.31887054
45.43940735
0
8.933647156
4.865987778
4.342319012
3.602143526
0
1.595615506
0.541133881
7.165505409
11.57448769
0
0.70236063
23.56373405
0.712018251
0
0
0
6.57772541
1.710790157
8.743245125
35.44564056
14.34289265
7.427313805
2.760995865
0
1.351044536
26.15043449
34.37005997
8.469765663
5.570109367
41.54988098
19.99576569
6.718483448
76.37994385
0.70236063
31.29207039
14.22788906
32.9039917
148.6353455
1.585190415
11.01828575
5.489574432
11.92805576
0.762110829
8.772676468
0
0
0
3.136504889
0
0
0
0
0
5.600542545
0.980928779
0
0
0
0
0
0
22.42990685
9.353207588
0
0
0
0
0
0
0
0
0
0
0
0
0
0
0
0
0
0
0
0
0
0
0
0
0
0
0
0
0
0
0
0
0
0
0
0
0
0
0
0
0
0
0
0
0
0
0
0
0
0
0
0
0
0
0
0
0
0
0
0
0
0
0
0
0
0
0
0
0
0
0
0
0
0
0
0
0
0
0
0
0
0
0
0
0
0
0
0
0
0
0
0
0
0
0
0
0
0
0
0
0
0
0
0
0
12.47298908
31.76199532
0
0
0.374047309
10.3460083
4.590091705
0
0
0
0
0
0
0
0
0
0
0
0
0
0
0
0
0
0
0
0
0
0
0
0
1.656948924
0
2.377661943
0
0
0
0
10.26956367
0
0
0
0
5.103331566
5.362957001
0
0
0
0
0
0
0
0
0
0
0
0
0
0
0
0
0
0
0
0
0
0
0
0
0
0
0
0
0
0
0
0
0
0
0
0
0
0
0
1.286447763
0
0
6.652694225
10.49312782
0.821791232
0.154690117
0
0
0
0.102099024
0
0
0
0
0
0
0
0
0
0
0
0
0.116017595
0
0
11.06557274
8.524173737
0
0.163358435
0
2.187217236
0.701338649
1.591872215
0
0.193362653
0
1.347707033
0
0
0
0
1.068895221
0
2.484710217
0
0
0
16.27707291
7.637007713
10.3514967
10.7342329
10.96587849
9.567323685
29.64604378
56.7109642
18.12275314
0
0
0
0
6.290888309
2.127826452
13.10994816
0.374047309
1.411547422
0
0
11.41017246
19.5637722
0.195529729
1.948205948
69.31161499
66.67760468
1.763236761
0.193362653
0.154690117
4.45405674
12.20176697
68.06002045
3.853014946
24.10408211
4.376183987
4.94533205
31.93593407
0
0
2.612341642
9.702160835
11.37905312
27.99368477
1.041467786
21.278162
21.284935
12.83163643
39.72028732
7.138673782
1.909966469
17.92599106
2.019901752
2.273326159
0.454985857
0.950978816
32.1059494
9.81034565
1.727152586
1.340843439
0.955002964
13.16065216
50.05485153
1.322520018
72.9232254
3.168666363
12.83157063
2.572382689
22.87234879
37.27222061
46.04799652
0.212698922
3.474061728
7.051898479
10.64308262
27.71712875
22.04140282
4.67717123
6.7202425
4.371675014
3.653048038
17.78297615
10.80061626
1.656341553
1.327287316
1.451604486
12.10943699
0.323466271
1.469890952
5.765539169
20.82467842
34.31894684
24.11047554
12.78992462
5.862585068
2.796534777
0.204198048
10.96015358
27.65125084
2.622517347
7.838886261
0.469655514
20.66949844
0
0
0
0
0
0
0
0
0
0
5.450115681
9.631718636
0.541415393
0
0
0.120851651
0.106349461
0.102099024
0.251371443
1.582825422
0.626428902
0
6.001954079
0.490568697
0
0
0
3.726904869
0
0
0
0
0
0
7.99698019
0
1.047743917
4.021008492
0
0
0
0
0
0
0
0
0
0
0
0
0
0
0
0
0
0
0
0
0
0
0
0
0
0
0
0
0
0
0
0
0
0
0
0
0
0
0
0
0
0
0
0
0
0
0
0
0
0
0
0
0
0
0
0
0
0
0
0
0
0
0
0
0
0
0
0
0
0
0
0
0
0
0
0
0
0
0
0
0
0
0
0
0
0
0
0
0
0
0
0
0
0
0
0
0
0
0
0
0.569112539
10.74584579
0
0
0
0
0.607826889
2.65456152
12.70556355
4.213159084
0
0
0
0
0
0
20.81096649
1.81950891
0
0
2.981291771
0
0
0
0
0
0
0
0
0
0
0
0
0
0
0
0
0.12251883
0
0
0
0
0
0
0
0
0
0
0
0
0
0
0
0
0
0
0
0
0
0
0
0
0
0
0
0
0
0
0
0
0
0
0
3.663978338
0.811374485
0
0
0
0.748094618
0
0
3.705411434
0
0
0
0
0
0
0
0
0
0
0
0
0
0
0
0
0
0
0
0
0
0
0
0
0
0
0
0
0
0
0
0
0
0
0
0
0
0
0
0
0
0
0
0
0
0
0
0
0
0
0
0
0
0
0
0
0
0
0
0
0
0
0
0
0.764002383
2.450376749
3.473064661
8.508426666
0
0
0
0
0
8.71661377
0
0
2.191834211
17.53340149
3.541791916
1.766603708
18.33631897
1.020990252
0.955002964
1.79694283
0
1.531485319
1.225188375
4.701554298
26.39367294
29.44994354
9.77647686
42.23200607
4.657877445
1.651762843
8.125769615
2.139206409
0
11.6763382
23.26204491
4.660414696
29.3451519
6.117801666
0.701338649
3.921713829
0
0
1.041410089
0
0
19.60437012
51.44464111
50.10187912
0.483406603
1.966119766
14.7493782
21.3268261
38.71286011
29.82587814
3.702677011
1.405846834
0.37714088
0
0.14502199
4.124800682
0
6.341912746
14.57899094
10.09249115
13.40369606
58.57373047
11.61174774
37.96346664
7.289602757
2.127070189
2.406607389
0
2.903208971
0.558835745
0.347136706
0
0
0
0
0.714693189
0
16.26076889
16.65695381
25.41701889
6.326610088
3.203028202
1.37309587
0.628428578
0.111183517
0
0
0
0
1.916992426
3.023841619
11.53894806
3.3644979
0
0
0
0
0
0
0
0
0
31.10342789
26.4953289
29.38329506
8.283576965
0
0
0
0
0
0
0
0
0
0
0
0
0
0
0
0
0
0
0
1.422562122
12.01814842
0
0
0
0
0
0
0
0
0
0
0
0
0
0
0
0
0
0
0
0
0
0
0
0
0
0.955002964
31.27025223
0.204198048
0
0
0
0
0
0
0
0
0
0
0
0
0.204198048
0
2.478063345
0
0
0
0
0
0
0
0
0
0
0
0
0
0
0
0
0
0
0
0
0
0
0
0
0
0
0
0
0
0
0.222367033
0
0
0
0
0
0
0
0
0
0
0
0
0
0
0
4.304214478
0.204198048
0
0
0
0
0
5.594572544
0
5.619116306
0
0
0
0
0
0
0
0
0
0
1.307685614
0
0
0
0
0
0
0
0
0
0
0
0
0
0
0
0
0
1.878823876
0
0
0
0
0
0
0
0
0
0
0
0
0
0
0
0
0
0
0
0
0
0
0
0
0
0
0
0
0
0
0
0
0
0
0
0
0
0
0
0
0
0
0
0
0
0
0
0
0
0
0
0
0
0
0
0
0
0
0
0
0
0
0
0
0
0
0
0
0
2.529126167
2.05102849
0
0
0
0
0
0
0
0
0
0
0
0
0
0
0
0
0
4.558924198
1.238272667
8.125457764
0
0
0
5.309497356
0
0
0.751154065
48.37228394
0
0
0.886458993
0
7.211880684
0.595259547
0
3.422742128
0.148814887
0
8.604969978
6.325507641
0
37.33959198
0
5.276987076
9.702829361
14.77770996
6.893003941
14.554245
0.612594187
0.233779564
0.470155418
1.2639184
2.069057703
4.036679745
18.88904381
0.607826889
0.49007532
2.784360409
9.314535141
0.140267745
0
0.233779564
14.73679638
0.47614634
20.03536034
12.37260437
22.45152283
13.55527687
0.515745342
12.10943699
28.43673706
20.1625824
7.490233898
0.687772095
0.193362653
8.265445709
3.976110697
18.30469513
14.13498878
16.81288528
11.87600231
0.12251883
26.81084251
2.679388762
0.204198048
3.492964983
50.73424149
7.66391325
29.45723915
4.536955357
1.147675872
0.178860456
15.92725945
21.22614098
37.3145256
0.106349461
2.044870138
0.436810344
0.935118258
0.376640975
0
3.339554548
11.09815025
0
3.648016214
1.69136703
6.502729416
4.799382687
48.31398392
10.28338432
0.309380233
0.204198048
20.18772507
6.082536221
37.63822174
2.433774233
26.70188332
30.53240013
1.932122827
15.54376984
22.7229023
7.610981941
0.163358435
0
0
0
2.150771856
3.311783075
3.401143789
16.6045723
67.76393127
7.127659798
12.95395184
0.310547531
0
1.825651765
10.57705212
0.449235708
0.137520939
15.101717
0
2.384551764
0
4.798654079
31.07161331
1.368126869
0
2.484762192
3.616182327
0
0
0
0
0
0
0
0
0
0.102099024
2.262324572
0
0
0
0.163358435
0
0
0
0
0
0
0
0
0
0
0
0.24503766
0
0
0
0
0
0
0
0.164358258
0
0
0
0
0
0
0
0
0
0
0
0
0
0
0
0
0
0
0
0
0
0
0
0
0
0
0
0
0
0
0
0
0
0
0
0
0
0
0
0
0
0
0
0
0
0
0
0
0
0
0
0
0
0
0
0
0
0
0
0
0
0
0
0
0
0
0
0
0
0
0
0
0
0
0
0
0
0
0
0
0
0
0
0
0
0
0
0
0
0
0
0
0
0
0
0
0
0
0
0
0
0
0
0
0
0
0
0
0
0
0
0
0
0
0
0
0
0
0
0
0
0
0
0
0
0
0
0
0
0
0
0
0
0
0
0
0
0
0
0
0
0
0
0
0
0
0
0
0
0
0
0
0
0
0
0
0
0
0
0
0
0
0
0
0
0
0
0
0
0
0
0
0
0
0
0
0
0
0
0
0
0
0
0
0
0
0
0
0
2.420861959
0
0
0
0
0
0
0
0.54784137
0
0
0
0
16.12040901
0
0
0
0
0
0
1.158408403
0
0
20.83854294
64.09117126
1.683894873
0
0
3.908378839
0
0
0
5.812241554
14.71673489
3.811875343
0
4.071791649
0
1.899990916
13.02973175
7.603724003
0
0.814358234
13.22768402
0
25.62696838
5.247233868
15.66697693
0.973064482
1.391319871
4.368096828
19.90515137
16.2338028
22.48376846
12.96857643
3.244953871
2.085073233
0
0.87042737
14.02912712
3.619697094
10.00483799
0
0.517700374
7.728904724
4.742117882
0.873619437
0
0.155448511
10.78302479
0.509130895
17.93844032
9.549383163
13.61540031
3.157426119
0
6.955747128
4.759656429
0
0.34713468
8.478277206
33.432621
24.54667091
13.31735325
2.028991222
1.744209647
8.94432354
4.857765675
1.087688565
0.310897022
8.14607048
3.981906891
12.63225555
2.70627141
1.379605412
0
0
0
0
0
0
0
6.741849899
2.309833288
0
0
4.818546295
16.86301041
6.229549885
3.461268663
0
0
3.166939259
7.827497959
4.916659832
0.138853878
6.750010014
21.96247673
17.67413902
0.419969678
0
0.419969678
0.55995959
0
0
0
0
8.87382412
0
21.46908569
0
0
0
0
0
0.777242541
0
0
0
0
0
0
0
0
0
0.349974722
0
0
0
0
0.349974722
24.85127449
26.64276123
0
0
0
0
0
0
0
0
0
0
0
0
0
0
0
0
0
0
0
0
0
0
0
0
0
0
1.331188202
0.378923595
0
0
0
0
0
0
0
0
0
0
0
0
0
0
0
0
0
0
0
0
0
0
0
0
0
0.680087209
0
0
0
0
0
0
0
0
0
0
0
0
0
0
0
0
0
0
0
0
0
0
0
0
0
0
0
0
0
0
0
0
0
0.284807295
2.257910013
5.326117039
7.449187279
0
0
0
0
0
0
0
0
0
0
0
0
0
0
0
0
0
0
3.200865507
0
2.605585814
0
0
0
0
0
1.930063605
2.723562002
0
0
0
0
0
0
0
0
0
0
0
0
0
2.316076279
0
0.421416402
13.28081226
3.109412193
2.374983072
0
0
0
0
0
0
0
0
0
0
0
1.495799184
4.236595631
10.3364954
0
0
0
0
0
0
0
0
0
0
0
0
0
0
0
0
0
0
0
0
0
0
0
0
0
0
0
0
0
0
0
0
0
0
0
0
0
0
0
0
0
0
0
0
0
0
0
0
0
0
0
0
0
0
0
0
0
0
0
0
0
0
0
0
0
0
0
0
0
0
0
0
0
0
0
0
0
0
0
0
0
0
0
12.16292667
26.46399307
23.81764221
11.49614048
9.892887115
10.52518559
4.916453362
10.2516098
0
0
0.347512186
18.96105194
13.29283524
27.37093925
12.77618122
11.08094501
4.402638912
6.605512142
17.27180481
3.645421028
4.455278873
10.82177353
2.037890434
12.21239567
0.77085048
20.20135689
2.860903025
9.778816223
28.06807137
20.29872513
23.66758156
29.44168472
7.764256477
1.140118957
8.695038795
2.620858192
0
0
3.136680365
1.600551605
1.571155071
3.322019815
7.334474087
0
1.668058634
0
1.754029155
0
4.165819168
1.900169253
14.82804775
0.467357486
8.898078918
0.814358234
0
0
2.764554739
6.848483086
0.219253644
1.668058634
0.657760918
10.93721199
0
23.00663376
4.876407623
3.106814623
34.10121918
1.986707807
6.834782124
0
0.323562741
0.388275295
0.271452755
0
4.604326725
3.513515711
1.390048742
1.042536616
0
0.810079813
9.011324883
6.767848015
10.51900673
3.187063456
17.26717758
17.21193886
1.617813587
18.72865868
0
0
0
0
0
0
0
1.357263684
1.357263684
0
3.19897604
9.382829666
0
1.251043916
8.577554703
0.161781371
0
0
0.455691695
0.313288033
0
1.755901575
3.160622835
2.259389162
0
0
0
0
0
0
0
0
0
0
2.458262205
0
2.074818373
3.672911406
0
0
0
0
0
0
0
0
0.140472129
0
0
0
0
0
0
0
0
0
0
0
0
0
0
0
0
0
0
0
0
0
0
0
0
0
0
0
0
0
0
0
0
0
0
0
0
0
0
0
0
0
0
0
0
0
0
0
0
0
0
0
0
0
0
0
0
0
0
0
0
0
0
0
0
0
0
0
0
0
0
0
0
0
0
0
0
0
0
0
1.554706097
0
0
0
0
0
0
0
0
0
0
0
0
0
0
0
0
0.982585192
10.95577145
2.152199268
0
0
0
0
0
0
0
0
0
0
0
0
0
0
0
0
0
0
0
0
0
0
0
0
0
0
0
0
0
0
0
0
0
0
0
0
0
0
0
0
0
0
0
0
0
0
0
0
0
0
0
0
0
0
2.7131145
5.64543581
1.920519352
7.382493019
0
1.206289649
0.762110829
0
0.762110829
0
3.667120695
0
0
0
0
0
0
0
0
0
0
0
0
0
3.039850235
0
0
0
0
0
0
0
0
0
0
0
0
0
0
0
0
0.396297604
0
5.696146011
1.158408403
1.920519352
0
0
0
0
3.667120695
0
0
0
3.844898701
0
0
0
0
0
0
0
0
0
0
1.755901575
0
6.980935097
0
0
14.52517223
1.443215728
0
0
1.10978651
0
5.967877865
0.210708201
2.268194914
0
0
0
0
0
0
0
0
0
3.581565619
5.892892838
20.19925308
0.386012703
2.123440266
0
1.053540945
1.554706097
14.5083971
19.79129982
9.598006248
31.46003532
2.316816807
7.871335506
1.630639434
6.127951622
38.92311478
21.29169273
32.02171707
5.30768919
0.280944258
2.981683969
0
0
25.42096329
0
16.64449883
2.124187231
0.408141762
55.17950821
10.06373978
2.173701048
2.308624744
0
2.631020784
4.390894413
0.355043352
0
15.3218298
0
0.427210957
0.626576066
28.13743401
13.18556118
1.826137662
7.311293602
8.970262527
4.601182461
5.700649261
10.82432938
7.292449474
1.993651271
14.46455956
7.382493019
7.178368568
3.792949677
7.292277336
9.980887413
11.85972118
0
2.702089071
1.920519352
7.382493019
6.082159042
3.956107855
0
0
0
2.316816807
0
11.21827126
2.7131145
8.240562439
3.092665672
4.690111637
46.46647644
25.1425209
35.91976166
50.92610168
60.26620865
41.18319321
27.08148766
21.6651783
1.772319555
33.89517212
0
0
0
0
0.842832804
0
4.125884056
0
0
3.657487631
3.47522521
0.632124543
0
0
0
0
0
0.210708201
0
0
0
0
0
0
0
0
0
0
0
0
0
0
0
0
0
0
0
0
0
0
0
0
0
0
0
0
0
0
0
0
0
0
0
0
0
0
0
0
0
0
0
0
0
0
0
0
0
0
0
0
0
0
0
0
0
0
0
0
0
0
0
0
0
0
0
0
0
0
0
0
0
0
0
0
0
0
0
0
0
0
0
0
0
0
0
0
0
0
0
0
0
0
0
0
0
0
0
0
0
0
7.441400051
3.882008791
0
0
0
0
0
0
5.335994244
0
0
0
0
0
0
0
0
0
0
0
0
0
0
0
0
0
0
0
0
0
0
0
0
0
0
1.21043098
7.961662769
0
0
0
0
0
0
0
0
0
1.206289649
0
0
0
0
0
0
0
0
0
0
0
0
0
0
0
0
0
0
0
0
0
0
0
0
0
0
0
0
0
0
0
0.627270639
0
0
0
0
0
0
0
0.569614589
0
5.610271931
0.887950063
1.053540945
0
0.313288033
0
0
0
0
0
0
0
0
0
0
0
0
0
5.64543581
0
0
0.561888516
0
0
0
0
0
0
0
0
0.351180315
0
0
0
0.280944258
0
0
0
0
2.193016052
0.762110829
0
0
0
0
0
0
0
0
0
0
0
0
4.322201729
7.865008831
0
0
0
2.469238997
0.351180315
0
3.109412193
0
11.14611721
5.162919998
0
0.612335742
11.61456871
0.844764292
31.64399719
9.296832085
1.194013119
12.33760262
41.33846283
14.217803
5.143278122
9.576605797
0
22.62317085
19.79837418
13.06626606
34.96006393
16.08704948
23.57341385
17.60451698
65.9905777
4.885057449
3.625413656
31.02686119
70.99268341
20.12536812
13.14775562
17.3608284
0
2.036845922
8.268976212
10.18182564
4.633633614
8.249754906
1.554907084
4.927752495
19.2882576
5.767392159
12.27860928
88.61045837
38.83300018
50.36927414
9.314212799
0
0.398730218
8.891036987
21.28825951
9.33484745
9.487449646
8.984877586
0
38.27384949
0.712018251
12.1382885
21.69625664
5.221851349
0.541133881
0
0
0
0
10.10720444
10.42016697
0
0
0
1.57381165
1.602587223
0
11.55566216
3.081691504
2.219573021
0
12.95851803
9.975336075
0.768979728
3.80226016
4.433411121
4.33283329
9.843324661
14.46948814
23.16768837
26.69205284
26.72747993
4.051627636
2.3011446
0
0
0
0
0.569614589
0
0.396297604
0
0
0.210708201
0
0
12.96409416
10.99572849
37.81054688
11.68700886
3.109412193
0
0.140472129
8.683728218
50.66778946
0
0
0
0
0
0.541133881
0.627270639
6.003723621
1.334485173
0
0
0
0
0
0
0
0
0
0
0
0
0
0
0
0
0
0
0
0
0
0
0
0
0
0
0
0
0
0
0
0
0
0
0
0
0
0
0
0
0.541133881
0
0.396297604
1.833560348
0
0
0.396297604
0
0
0
0
0
0
0
0
0
0
0
0
0
0
0
0
0
0
0
0
0
0
0
0
0
0
2.163439751
3.530828476
4.587512493
0
0
0
0
0
0
0
0
0
0
0
0
0
0
0
0
0
0
0
0
0
0.745462418
4.428924084
20.25786018
0
3.257432938
0
0
0
0
0
0
1.064173818
0
0
0
11.82296467
0
0
0
5.090889454
0
0
0
0
11.21466351
0
0
15.66157532
39.86349487
5.065770149
0
0
0
0
0
0
0
0
0
0
0
0
0.701611698
0
0.868780494
3.257432938
0
0
0
0
1.720333815
14.35284901
0
0
0
0
0
3.563472033
0.542905509
0
0
1.357263684
0
0
0
0
0
0
0
0
0
0
0
0
0
0
0
0
0
0
0
0
0
0
0
1.628716469
0
0
0
0
0
0
0
0.517700374
0
0.306955099
0
0
0
0
0
0
0
0
0
0
0
0
0
0
0
0
0
0
0
0
0
0
0
0
0
0
0
0
0
0.824655533
0
0
0
0
0
0
0
0
0
0
0
0
0
0
0
19.15812874
0
3.713789463
1.357263684
0
0
0
0
0
0
1.227820396
0
0
67.8704834
124.5985794
14.67483139
65.90571594
34.61067581
0
0
0
0.460432649
4.071791649
3.031879187
3.331376076
18.23397255
1.494302511
0
0
0
2.831171989
0
0
1.416525006
0
0.291206449
5.15760231
22.75354767
3.487143993
2.102726221
2.135514021
3.113401651
14.30217743
2.599404573
0
0
0
0.226493895
29.68543434
26.75474358
18.33786774
8.09674263
0
28.64885521
49.58332062
54.76800919
56.76997757
25.23315239
15.49904346
0.258850187
11.31197071
2.067223787
7.754873753
29.94800568
6.425917149
1.085811019
24.82866287
7.329121113
0.814358234
3.325545311
7.593601704
37.26887894
0
0.323562741
4.239648819
3.798227787
11.98096848
0.625521958
2.473513842
15.5633564
0
3.646370649
6.043471813
0.808906794
13.58722878
44.9523468
0
1.534775496
3.487381935
29.18391609
0.13155219
3.038085222
5.699199677
17.84267044
2.582336426
38.19212723
0
4.48039484
0
3.908604622
1.711909413
7.266279221
23.81831551
0
10.07804966
16.39533615
34.87630081
67.08860779
59.85386658
4.276479244
0
0
0
4.511101246
0.590770721
0.570059478
4.814739704
26.1328125
16.23069191
4.679226875
0
0
0
0
0
0
0
0
0
0
0
0
0
0
0
0
0
0
0
0
2.167870283
0
0
0
0
6.477598667
0
0
0
0
0
0
0
0
0
0
0
0
0
0
0
0
0
0
0
0
0
0
0
0
0
0
0
0
8.067200661
0.683537602
0
0
0
0
0
0
0
0
0
0
0
0
0
0
0
0
0
0
0
0
0
0
0
0
0
0
0
0
0
0
0
0
0
0
0
0
0
0
0
0
0
0
0
0
0
0.350805849
0.306955099
10.51772404
22.63930702
3.013134241
0
3.561671019
0
0
0
0
0
3.688485622
0
0
2.316076279
7.117259979
0
0
0
0
11.81372833
7.48505497
0
0
0
0
0
0
0
8.707840919
0.351180315
0
0
2.02213192
0
0
0
0
0
0
0
0
0
0
0
0
0
0.877014577
0
0
0
0
0
0
0
0
0
0
0
0
0
0
0
0
0
0
0
0
0
0
0
0
0
0
0
0
0
0
7.382493019
0
0
0
0
0
0
0
0
0
0.396297604
0
0
0
0
0
0
0
0
0
0
0
0
0
0
0
0
0
0
0
0
0
0
0
0
0
0
0
2.316816807
0
0
0
0
0
0
0
0
0
0
0
0
0
0
0
0
0
0
0
0
0
0
0
0
0
5.379649639
3.475121975
0
3.179177999
1.941376328
0
0
0
3.12760973
1.357263684
0
1.617813587
0
0
2.280237913
0
0
0
0
1.390048742
5.98713541
23.31740761
9.646273613
0
0
0
0
0
2.780097485
0
0
0
0
60.96723938
25.37062836
9.011119843
12.39648533
25.69223976
4.704967976
38.23590088
88.75912476
12.99308586
27.37075424
0
1.085811019
0
7.925350189
12.48417664
1.754029155
2.985980272
0
9.414196014
0
0
0
0.226493895
5.659701347
0
7.32922411
2.171622038
51.09515762
0
0
0
0
2.939055443
0
0
2.056499004
56.09209442
12.41949177
22.75707054
0
0
0
0
0
0
0
0
0
0
0
0
0
0
5.450380325
11.64172554
0
0
0
0
0
0
0
0
4.429231167
0
0
0
0
0
4.968962193
0.677241862
0
0
0
0
0
5.896978378
36.81508636
4.650025368
0
0.396297604
2.010546207
5.19487381
1.35896349
0
0
0
0
0
0
0
0
0
0
0
0
0
0
0
0
0
0
0
0
0
0
0
0
0
0
0
0
0
0
0
0
0
0
0
0
0
0
0
0
0
0
0
0
0
0
0
0
0
0
0
0
0
0
0
3.464207649
32.39141846
19.18005562
0
0
0
0
0
0
0
0
0
0
0
0
0
0
0
0
0
0
0
0
0
0
0
0
0
0
0
0
0
0
0
0
0
0
0
0
0
0
0
0
0
0
0
2.316816807
0
0
0
0
0
0
0
0
0
0
0
0
0
0
0
0
0
0
0
0
3.702516317
4.941190243
4.749388218
0
0
0
0
0
0
0
0
0
0
0
0
0
0
0
0
0
0
0
0
0
0
0
0
2.314605474
0
0
0
0
0
0
0
0
0
0
0
0
0
0
0
0
0
0
0
0
0
0
0
0
0
0
0
3.425132751
0.996825635
0
0
0
0
0
0
0
0
0
0
0
0
0
0
0
0
0
0
0
0
0
0
0
0
0
0
0
0
0
0
0
0
0
0
0
0
0
0
0
0
0
0
0
0
0
0
0
0
0
0
0
0
0
0
0
0
0
0
0
0
0
0
2.316816807
4.267820835
1.833560348
0
0
0
0
4.947143078
3.871522665
0
0
5.686488628
0
3.456046104
1.968400478
0
0.210708201
0.569614589
0
22.7377758
9.730430603
30.5653038
0
0.280944258
0.140472129
0
9.254760742
15.95100689
16.32892418
35.88292694
5.741949558
11.44931221
5.559217453
37.50288391
42.2097168
4.42195797
0.681104898
2.678483009
16.25501251
17.83574295
13.80606461
3.109412193
17.71526718
0
0.351180315
11.17154694
1.554706097
1.554706097
3.064294815
20.21741676
0
12.37667942
0
4.787191868
7.780828476
3.47522521
2.972789526
20.82984924
22.49038124
0
0
13.63440132
4.926036835
1.926151276
4.823132992
47.17778015
38.24796677
4.669211388
22.45938301
4.633633614
15.06994915
3.516769648
1.495799184
0
1.346761823
6.408164501
6.409968853
0
2.10708189
0
0
29.13684654
2.798556566
30.87961769
14.67118549
3.729570389
5.196974277
12.30246925
8.271807671
0.455691695
3.389206886
0
3.039850235
2.376075745
0.561888516
13.42786503
9.162062645
9.032788277
6.369814873
0.508790135
17.59334755
4.633633614
2.170771599
29.23631287
0.427210957
0
0.396297604
4.633633614
9.864634514
7.883597374
0.697777867
0.338871479
0
0.396297604
0
0.455691695
3.218322515
1.794286013
0
0
0
0
0
0
0
0
0
0
6.232550621
0
0
0
0
0
0
0
0
0
0
0
9.089049339
23.2344799
10.6601305
0
0
0
0
0
0
0
0
0
0
0
0
0
0
0
0
0
0
0
0
0
0
0
0
0
0
0
0
0
0
0
0
0
0
0
0
0
0
0
0
0
0
0
0
0
0
0
0
0
0
0
0
0
0
0
0
0
0
0
0
0
0
0
0
7.642860889
0
0
0
0
0
0
0
0
0
0
0
0
3.250558376
0
0
0
0
0
1.026514888
0.888175726
0
0
0
7.085163116
0.164946914
0
0
0
1.90978384
19.74236107
17.314394
0
0
0
0
0
16.43111038
0
0
0
0
0
0
0
0
0
0
0
0
0
0
0
0
0
0
0
0
0
0
0
0
0
0
0
0
0
0
0
0
0
0
0
0
0
0
1.920519352
0
0
1.206289649
0
0
0
0
0
0
1.607504845
0.938207567
0
0
0
0
0
0
0
0
0
0
0
0
0
0
0
0
0
0
0
0
0
0
0
0
0
0
0
0
0
0
0
0
0.754739404
0
0
0
0
0
0
0
0
0
0
0
0
0
0
0
1.554706097
7.427470684
0
0
0
7.623750687
0
0
0
0
0
0
1.981488109
0.655056775
0
0
0
0
0
0
0
0
0
0
0
0
0
0
0
0
1.068027377
0
0
0
0
0
0
0
0
0
13.46219254
0
0.854421914
12.68399429
8.108257294
0
0
0
0
0
26.21972275
3.931699276
9.990235329
9.452619553
8.521946907
0
0
31.64294052
0.386012703
7.49836874
2.460831165
15.14506626
3.15226078
41.58388901
1.10978651
21.40825272
2.281829357
21.73312569
22.82450867
8.740602493
3.708153725
12.73328495
6.849469662
8.618659973
6.514827251
2.038878441
4.398342609
1.554706097
17.45902824
12.9825058
19.19256401
2.11935854
23.03428078
12.31671238
6.269061565
5.673993587
5.426229
8.94137001
7.237738132
0
0.396297604
1.139229178
0.627270639
0
0
0
16.58840179
19.71698952
4.522423267
8.889346123
1.737057209
0.995168984
2.186830521
28.20903587
59.76253128
35.65818405
5.155012131
0.491652459
0
0.241257951
1.264249086
0
1.264249086
0
0
0
0
6.18833971
4.64479351
12.34172344
22.53816795
71.39697266
16.33790398
7.540733814
0
0.284807295
0
0
0
1.424036503
0
0
1.10978651
0
2.921974897
10.92115402
0
0
0
0
7.788297653
8.094845772
1.678890944
0
0
0
0
0
0
0
0
0
0
0
0
0
0
0
0
0
0
0
0
0
0
0
0
0
0
0
0
0
0
0
0
0
0
0
2.309590578
0
0
0
0
0
0
0
0
0
0
0
0
0
0
0
0
0
0
0
0
0
0
0
0
0
0
0
0
0
0
0
0
0
0
0
0
0
0
0
0
0
0
0
0
0
0
1.978314996
0
0
0
0
0
0
0
0
0
0
0
0
0
0
0
0
0
0
0
0
3.667120695
0
0
0
0
0
0
0
0
0
0
0
0
0
7.865008831
8.148645401
0.762110829
0
0
0.612335742
9.274959564
4.421472549
0
0
5.075260162
0
0.210708201
0
0
0
0
0
0
0
0
0
0
0
0
0
0
0
0
0
0
0
0
0
0
15.02916145
13.8273468
14.24800014
0
3.312893629
1.764442921
0
0
0
0
0
0
0
0
0
0
0
0
0
0
0
0
0
0.517700374
9.285398483
0
0
0
0
0
0
0
0
0
0
0
0
0
0
0
0
0
0
0
0
0
0
0.313288033
0
0.455691695
3.811875343
0
0
0
0
0
0
0
0
0
0
0
0
0
0
0
0
0
0
0
0
2.224078178
0
10.92038155
8.522873878
0.161781371
1.271671176
0
0
0
0
0
0
0.328880459
0
0
0
0
0
0
0
0
0
0
0
0.284807295
22.83857536
0.437588274
2.961619854
2.316816807
0.626576066
0
0
0
0.210708201
0
0.396297604
0
0
7.346748352
0
3.570617437
0
0.842832804
0
10.51884556
0
0
0
0
0.199365109
0.396297604
0
0
0
0
0
0
0
0
0
3.163191795
6.803843975
15.99811554
0.897143006
0
5.82086277
37.02471924
0
0
4.5356493
0
0
2.150161266
41.96530533
10.22604561
3.417087078
3.860497475
13.64137459
4.786448002
0.140472129
0
0
24.24094009
0
3.740853548
34.98894501
27.45329666
15.4528513
4.836886406
16.53880882
12.04250145
20.48185921
3.63657093
11.62863255
11.32954216
0.762110829
0
10.62961674
0.386012703
0
4.557459354
3.330287457
17.35453796
4.727533817
5.593472958
8.598386765
0
14.61740589
8.187458992
2.460831165
13.94817734
22.00952721
73.14910889
3.046222687
1.114640474
0
1.120071411
11.67725372
0
1.053540945
3.667120695
0
8.142281532
8.124426842
6.18833971
3.344556093
0
0
0
0
0
0
0
0
0
0
0
4.633633614
0
0
0
0
0
0
0
0
0
0
0
0
0
1.151871443
0
0
0
0
0
0
0
0
0
0
0
0
8.80416584
2.893199444
0
0
0
0
0
0
0
0
0
0
0
0
0
0
0
0
0
7.467609882
7.956681728
0
0
0
0
0
0
0
0
0
0
0
0
0
0
0
0
0
0
0
0
0
0
0
0
0
0
0
0
0
0
0
0
0
0
0
0
0
0
0
0
0
0
0
0
0
0
0.757757127
0
0
0
0
0
0
0
0
0
0
0
0
0
0
0
0
0
0
0
0
0
0
0
0
0
0
0
0
0
0.394656539
1.797879815
1.558552504
0
0
0
0
0
0
0
0
0
0
0
0
0
0
0
0
0
0
0
2.389088869
0
0
0
0.814358234
0
0
0
0
0
0
0
0
0
0
0
0
0
0
0
0
0
0
0
0
0
0
0
0
0
0
0
0
0
0
0
0
0
0
0
0
0
0
0
0
0
0
0
0
0
0
0
0
0
0
0
3.164632082
5.788351536
14.60206223
9.860052109
16.13740921
0
0
0
0
0
0
0
0
0
0
0
0
0
0.868648767
0
0
0
0
0
0
0
0
0
0
0
0
9.229393005
0
0.833163857
4.997682095
3.12760973
0
1.096268296
1.390048742
9.787918091
0
0
0
0
0
0
0
0
0
0
0
0
0
0
0
0
0
2.154575586
4.385073185
0
0
10.91207981
0.633928776
4.482739449
1.731060624
0
1.167246938
1.58364892
4.170146465
0
0
0
2.601772308
11.71969128
3.394302845
11.65050507
0
3.77866888
12.29291439
8.97299099
5.342637062
10.16340351
9.071181297
1.756107569
6.172822475
0
2.161390781
0
0
0
0
0
4.777235985
22.03623199
9.489974976
19.18965721
18.34281921
10.85509777
6.101366043
4.831374645
0.658783138
24.09207916
3.312044144
24.78509521
10.140378
16.23383522
0.12630786
1.185325742
0.13155219
0
0
3.131108522
0
0
1.083299637
0
0
0
0
0.526208758
0.789313078
0
0
0
0
0
1.134229064
2.029610634
0
0
0
1.602268219
22.22314835
18.92877388
10.51488113
16.73440933
1.148647666
0
0
0.913876653
0
0
0.725298882
3.423411131
1.326232433
3.947767258
5.788493633
5.04612112
0.50523144
3.386255741
11.33481884
0
0
3.132646799
7.94638443
33.524189
72.2205658
21.52272797
14.40011787
4.625102997
0.378923595
0
1.541700959
0
0
10.93697071
3.315497398
0.116047829
10.85874176
1.835181236
32.02661514
8.242763519
11.52348709
4.612901211
0
0
4.061674118
7.641638279
8.504293442
0.116047829
9.182189941
0
0
0
0
0
0
0
0
0
0
0
0.75784719
0
0
0
0
0
0
0
0
0
0
0
0
0
0
0
0
0
0
0
0
0
0
0
0
0
0
0
0
0
0
0
0
0
0
0
0
0
0
0
0
0
0
0
0
0
0
0
0
0
0
0
0
0
0
0
0
0
0
0
0
0
0
2.51728487
7.297751904
0
0
0
0
0
0
0.323562741
0
0
0
0.789313078
0
0
0
0
0
0
0
3.257432938
23.84976959
0.438507289
0
0
0
0
0
0
0
0
0
0
0
0
0
0
0
0
4.48484993
2.842773199
0
0
0
0
5.560194969
3.963210344
0
3.764372349
0
0
0
0
3.854628801
11.01441288
1.642929792
23.34801292
3.312893629
0
0
0
0
0
0
0
0
0
0
0
0
0
0
0
0
0
0
0
0
0
0
0
0
0
0
0
0
0
0
0
0
0
0
0
0
0
0
0
0
0
0.323562741
0
0
0
0.789313078
0
0
0
0
0
0
0
0
5.662347794
0
0
0
0
0
0
0
0
0
0
0
0
0
0
1.747238874
0
0
0
0
0
0
0
0
0
0
0
0
0
0
0
0
0
0
0
0
0
0
0
0
0
0
0
0
0
0
0
0
0
0
0
7.066622734
0
0
0
0
9.932759285
1.622476935
8.068533897
0
5.116885185
9.597504616
18.03424835
30.19533348
7.949052334
0.263104379
0
3.963210344
0
4.23384285
4.545623302
10.1752758
1.841730595
0
0.226493895
7.907454014
6.152286053
0
0
4.614696503
0
1.683007002
21.18623924
40.45487976
29.49890327
35.29237747
1.803544521
0.175402924
59.288311
4.109402657
0.175402924
19.26584816
3.426365376
15.96779919
3.082906008
4.783953667
8.03496933
0
10.08846951
45.05176926
1.852815986
13.43266678
8.844742775
16.31828117
14.27682781
3.194811106
0.768309116
4.353778839
5.575828075
5.065173626
0
0
0
12.03037357
23.86905098
64.11919403
8.999148369
5.53805685
14.06226826
0
1.294250965
14.3911829
4.966052055
10.62631035
7.381677628
0
0
0
0
2.455640793
20.95669937
1.772312164
9.001159668
30.78523827
16.16830635
63.52619171
5.497016907
5.190993786
17.49697304
25.81383133
19.79389191
17.07347107
44.87254715
9.970305443
1.253795385
0.90937084
0
3.526833773
5.447583675
0
0
0.323562741
0.764526844
0
0
0.161781371
2.750283241
0
0
0
0
0
0
0
0
0
0
0
0
0
0
0
0
0
0
0
0
12.51043892
9.730341911
0
0
0.570050716
19.67930222
22.79916573
0
0
0
0
0
0
0
0
0
0
0
0
0
0
0
0
0
0
0
0
0
0
0
0
0
0
0
0
0
0
0
0
0
0
0
0
0
0
0
0
0
0
0
0
0
0
0
0
0
0
0
0
0
0
0
0
0
0
0
0
0
0
0
0
0
0
0
0
0
0
0
0
0
0
0
0
1.503931284
0.438507289
4.239648819
0
1.973282814
6.729036808
0
0
0
0
0
0
0
0
0
1.031520486
0
0
0
2.197560787
0
1.411554217
0
0
0
0
0
0
0
0
0
0
0
0
0
0
0
0
0
0
0
0
0
0
0
0
0
0
0
0
0
0
0
0
0
0
0
0
0
0
0
0
0
0
0
0
0
0
0
0
0
0
0
0
0
0
0
0
0
0
0
0
0
0
0
0
0
0
0
0
0
0
0
0
0
0
2.219573021
0
0
0
0
0
0
0
0
0
0
0
0
0
0
0
0
0
0
0
0
0
0
0
0
0
0
0
0
0
0
0
0
0
0
0
0
0
0
0
0
0
0
0
0
0
0
0.351180315
0
0
0
0
0
0
0
0
0
0
3.871522665
1.10978651
0.653195441
0
0
3.667120695
3.667120695
12.73989964
4.190284252
0
0
0
0
0
0
0
0
1.833560348
0
0
0
0
7.372578144
2.477823496
12.07711124
11.61529064
0
0.81322366
1.71342659
0.18512474
0
0
1.316133022
4.762857914
4.659165859
8.087049484
33.96844101
14.48576164
5.783885002
36.46265793
3.039850235
23.42352295
34.46168137
2.86011076
10.92093563
0.612335742
8.96966362
9.523394585
0.421416402
2.848073006
2.441065073
24.13534355
6.050117016
14.52267456
5.443744183
19.6219368
6.237474918
5.317959309
0.542905509
24.87433243
0
9.269510269
15.77157593
10.76110744
7.284841061
8.502134323
3.72731185
0
0
0
0
7.89336586
9.208415031
0.542905509
0
0
4.044534206
34.34970093
12.19583416
84.10582733
2.553568602
0
0
0
0
21.14156914
83.53251648
3.566768646
0
32.86962128
22.52957153
6.969435215
0.140472129
0
0
0
0
0
0
23.6270752
10.74870014
4.219198704
0
13.01801395
10.61584568
0
11.76002693
1.554706097
0
4.437785149
3.109412193
1.554706097
0
4.398534775
0.396297604
3.745216131
0
0
0
0
0
2.10708189
0
0
0.396297604
11.75784206
12.05874729
14.37875652
9.180165291
0
3.862983704
0
3.30376482
0
4.120048046
13.68887997
3.441567183
0
0
0
0
0
0
0
0
0
0
0
0
0
0
0
0
0
0
0
0
0
0
0
0
0
0
0
0
0
0
0
0
0
0
0
0
0
0
0
0
0
0
0
0
0
0
0
0
0
0
0
0
0
0
0
0
0
0
0
0
0
0
0
0
0
0
0
0
0
0
0.814358234
0
0
0
0
0
0
0
0
0
0
0
0
0
0
0
0
0
0
0
0
0
0
0
0
0
0
0
0
0
0.762110829
0
0
0
0
0
0
0
0.487750947
0
0
0
0
0
4.980547428
1.420173407
0
6.964823246
12.31881714
0
0
0.60968864
0
0
0
0
0
2.460831165
0
0
0
0
0
0
0
0
0
0
0
0
0
0
0
0
2.460831165
0.762110829
0
0
0
0
0
0
0
0
0
0
0
0
0
0
0
0
0
0
0
0
0
0
0
0
0
0
0
0
0
0
0
0
0
0
0
0
0
0
0
0
0
0
0
0
0
0
0.421416402
0.140472129
0
0
0
0
0
0
0
0
0
0
0
0
0
1.039546728
0.604609609
2.03215456
7.772508144
13.44070625
4.388405323
0
0
0
0
0
0
0
0
0
0
0
0
0
0
0
0
0
0
0
0
0
0
0
0
0
0
0
0
0
0
0
0
3.324657679
0
0
1.554706097
0
54.92347336
31.20155525
44.09428406
11.8398428
7.182560444
24.12163353
63.60535812
10.69102573
2.192536592
0
12.12352467
36.30578232
20.99498558
7.186447144
4.937256813
5.443730354
0
7.117033005
0
0
0
1.140118957
21.53070831
0
13.02973175
16.38749123
4.994730473
4.421638966
0
7.093020916
1.682098508
21.45641136
21.14810944
1.695288658
0
8.143583298
2.669476986
7.852853775
28.92889786
43.46492767
14.26321888
2.384894848
1.035400748
0
0
0
0
0
0
8.833615303
2.198955774
0
3.475121975
27.08924675
11.02203465
20.75410843
32.5958519
35.99319077
7.275840282
2.914943457
13.11698723
0
0
0
0
0
0
0
0
0
0
0
0
0
0
0
14.08604717
4.826128483
33.01060486
0.438507289
30.45878601
52.02723694
3.674134731
0.833163857
0
0
0
0
2.714527369
0
0
1.181541443
0.201054633
1.495674968
2.637573719
7.898683071
6.493228912
0
0
0
0
0.675522268
0.494549721
3.432155609
0.569614589
0
0
0
0
0
0
0
0
0
0
0
0
0
0
0
0
0
0
0
0
0
0
0
0
0
0
0
0
0
0
0
0
0
0
0
0
0
0
0
0
0
0
0
0
0
0
0
0
0
0
0
0
0
0
0
0
0
0
0
0
0
0
0
0
1.64055407
9.637470245
0
0
0
10.66360092
0
9.580719948
4.375854015
0
0
0
17.56357765
3.425862789
0
0
0
0
0
0
0
0
0
0
0
0
0
0
0
0.280944258
0
6.755963326
0
0
0
0
0
0.396297604
0
0
0
0
0
0
0
0
0
0
0
0
0
0
0
0
0.768695235
0
0
0
0
0
0
0
0
0
0
0
0
0.820396841
0
0
0
0
0
0
0
0
0
0
0
0
0
0
0
0
0
0
0
0
0.762110829
0
2.438754559
1.544050813
0
0
0
0
0
0
0
0
0
0
0
0
0
0
0
0
0
0
0
0
0
0
0
0
0
0
0
0
0
0
0
0
0
0
0
0
0
0
0
0
0
0
2.447875261
0
0
3.956629992
0
0
0
0
6.767501831
0.762110829
0
0
0
0
0
0
0
0
0
0
0
0
0
0
0
0
0
0
0
0
0
0
0
0
0
0
0
0
0
0
0
0
0
0
9.64716053
0
0
0
0
0
0
0
0
0.877014577
0
0
0
0
0
0
0
0
0
0
0
0
0
0
0
28.89785957
3.50987339
5.6296978
8.01755619
1.890694499
8.396780014
1.900169253
33.24615097
28.09532356
50.20717621
12.50457382
2.758270979
0
5.95293045
0
0
41.40324402
0
1.900169253
13.84408951
25.95983505
9.599615097
25.87428474
14.47014999
27.64144707
0
61.47666168
0.380033851
0
0
0
0
4.814033031
9.348421097
0
0
1.01106596
0
0
0.427210957
17.59431267
0.224755406
2.363900661
0.140472129
0
19.34888649
2.765780449
5.983196735
1.447547674
9.046221733
6.071292877
64.51279449
54.30876541
2.166221142
0.280944258
1.968073845
5.994608402
0.634938061
0
0
0
0
0
7.981478214
35.70870972
5.042685032
4.944849491
29.92898369
41.05167389
12.04473114
125.005661
70.73082733
100.4636841
47.97704315
0
0
0
0
0
0
1.013283372
3.384500504
20.67367935
8.714611053
6.805932999
0
0
0
0
0
0
0
0
0
0
1.158038139
1.575171828
0
0
0
0
0
0
0
0
0
0
37.12276077
20.17776489
3.610331774
0
0
0
0
0
0
0
0
0
0
0
0
0
0
0
0
0
0
0
0
0
0
0
0
1.085811019
3.257432938
0
0
0
0
0
0
0
0
0
0
0
0
0
0
0
0
0
0
0
0
0
0
0
0
0
0
0
1.409014702
0
0
0
0
0
0
0
0
0
0
0
0
0
0
0
0
0
0
0
0
0
0
0
0
0
0
0
0
0
0
0
0
0
0
0
0
0
0
0
0
0
0
0
0
0
0
0
0
0
0
0
0
0
0
0
0
0
0
0
0
0
0
0
6.543551445
1.59326005
1.86958611
0
0
0
0
1.194945097
6.076155186
0
0
0
0
0
4.673965454
0
0
0
0
0
0
0
0
0
0
0
15.88499451
0.911703706
0
0
0
0
0
0
0
0
0
0
0
0
0
0
0
0
0
0
0
0
0
0
0
0
0
0
0
0
0
0
0
0
0
0
0
0
0.210708201
0
15.15099907
1.053540945
0
0
0
0
0
0
0
0
0
0
0.351180315
0
0
0
0
0
0
0
0
0
0
0
0
0
0
0
0
0
0
12.59366417
0
0
0
0
0
0
0
0
0
0
0
0
0
0
0
8.880144119
0
0
0
4.91652441
8.830557823
6.891983509
2.438754559
0
0
0
0
17.90133858
0
0
12.59366417
6.096886635
18.65226746
7.768506527
9.843324661
4.572664738
20.6158638
85.40181732
10.11290264
0
41.68095016
9.726327896
4.300590515
9.171788216
37.26465225
12.72781372
10.7968483
2.53750515
2.465353251
4.02701807
12.86587334
2.340215921
9.389230728
0.881947815
15.13077831
0.70236063
0
2.360616684
5.702492237
21.52020836
0
2.895095348
0
12.20595074
8.036374092
21.36400795
9.942922592
6.534431934
0
2.287551165
16.18611336
2.483268499
3.884115696
6.698945045
0
2.485443354
3.394751787
3.315812349
11.15089703
16.83075333
7.620418549
1.705840707
9.925692558
0.636420965
1.27284193
3.830991983
1.152932763
6.847382545
2.163831472
0
0
0
0
0.736094177
6.372354031
6.922890186
19.51626587
6.410794258
0
0
0
0
0
0
0
0
0
4.206315517
0
0.485344082
1.456032395
1.391319871
0
0
0
0
3.009133339
0
0
0
3.848696709
1.357263684
1.590908766
2.714527369
0
0
0
0
0
0
0
0
0
0
0.814358234
0
0
0
0
0
0
0
0
0
0
0
0
0
0
0
0
0
0
0
0
0
0
0
0
0
0
0
0
0
0
0
0
0
0
0
0
0
0
0
0
0
0
0
0
0
0
0
0
0
0
0
0
0
0
0
0
0
0
0
0
0
0
0
0
0
0
0
0
0
0
0
0
0
0
0
0
0
0
0
0
0
0.284807295
0
1.813554645
0
0
0
0
0
0
1.280774951
0.36522752
0
0
0
0
0
0
0
0
0
0
0
0
0
0
0
0
0
0
0
0
0
0
0
0
0
0
0
0
0
0
0
0
0
0
0
0
0
0
0
0
0
0
0
0
0
0
0
0
0
0
0
0
0
0
0
0
0
0
0
0
0
0
0
0
0
0
3.708630562
0
0
0
0
0
0
0
0
0
0
0
0
0
0
0
0
0
0
0
0
0
0
0
0
0
0
0
0
0
0
0
0
0
0
0
0
0
0
0
0
0
0
0
0
0
0
0
0
0
0
0
0
0
0
0
0
0
0
0
0
0
0
0
0
0
0
0
0
0
0
0
0
0
0
0
4.779780388
1.394102573
0
0
0
0
0
0
0
0
0
0
0
0
0
0
5.835314751
0
0
0
0
0.796630025
6.73914814
8.735303879
9.261786461
9.50920105
2.922282696
1.238666773
0
0
0
5.809091568
0
11.94944954
0
0
11.82164001
25.89842606
0.792595208
0
26.20431519
3.145282984
20.1882019
0.193006352
0.60968864
4.328789711
120.6532288
16.59745789
9.195828438
23.72959137
4.511696339
2.80944252
0
3.570617437
6.468275547
3.090386868
6.420487881
0
0
0
0
0.70236063
16.90543938
28.72442245
3.4698596
2.13220644
0
27.06982231
1.277769804
10.91449261
55.48326111
1.822617292
1.194013119
0.487750947
1.566440225
0.670657575
49.51896667
11.24645805
27.99949265
31.17710304
0
25.69842148
0
0.965031803
0
0
0
4.966279507
4.572664738
1.495238304
6.518771648
2.699700356
2.136054754
8.083362579
5.518410206
2.848073006
13.12403584
6.882395267
3.290209532
0
0
1.85124743
2.743598938
0
0
0
0
29.26301193
18.91285706
14.91778564
27.59711266
6.856475353
9.715467453
0
8.045137405
1.891321421
21.28793335
5.410930157
3.124076605
0
0.914533019
0
0.842832804
0
12.56596088
7.88977766
2.67868185
0
0
0
0
0
0
0
0
0
0
0
0
0
0
0
0
0
0
0
0
0
0
0
0
0
0
0
0
0
0
0
0
0
0
0
0
0
0
0
0
0
0
0
0
0
0
0
0
0
0
0
0
0
0
0
0
0
0
0.642430723
0
0
0
0
0
0
0
0
0
0
0
0
0
0
0
0
0
0
0
0
0
0
0
6.062057018
6.146626949
3.67920208
3.009987354
6.186825275
0
0
0
0
0
0
0
0
0
0
0
0
0
0
0
0
0
0
0
0
0
0
0
0
0
0
0
0
0
0
0
0
0
0
0
0
0
0
0
0
0
0
0
0
0
1.884446979
1.750261903
0
0
15.16064167
3.463999748
0
0
26.35864639
10.99755859
0
0.686437368
0
0
0
0
0
0
0
1.10969305
0
0
0
0
0
0
0
0
0
0
11.03478813
7.515768528
0
0
0
0
0
0
0
0
0
0
0
0
0
0
0.428815901
0
0
0
0
0
0
0.204198048
0
0
0
0
0
0
0
0
0
0
0
0
0
0
0
0
0
0
0
0
0
0
0
0
3.916693211
0
6.196494579
0
8.20783329
0.724903107
1.460429788
0
6.955206394
0
0
0
0.142938629
0
5.827679157
5.207859039
0
0
0
1.218519568
0
0
7.038269997
0
1.281719804
0.152800485
0
0.224617854
18.34529114
0
0
0
0.132728741
0
0
0
0
0
0
0
0.382001191
0
0
0.367556483
0
0
9.69534874
1.685309291
11.6812439
1.910005927
0.382001191
0.132728741
9.252598763
15.47696781
17.92845535
52.6880188
17.21488762
0
0.933893323
38.12071991
68.20313263
0
0
27.09800911
6.013401031
23.4363842
28.17948532
16.01281166
0.715025663
5.903162956
10.26947117
2.705943823
6.855285168
18.94995117
8.457595825
55.1427803
10.11623287
24.19952583
19.47401428
2.421581984
0
2.483709097
15.99938393
14.46174717
31.80901527
2.832716942
3.427358389
1.631749749
0
13.75089073
59.69794464
23.41240311
7.407076836
11.55577183
6.679220676
5.859822273
24.08768654
3.125680447
3.567629576
0
15.12413311
34.69366455
0
1.487031579
16.73165131
35.73000336
4.8624053
47.11650467
3.785843372
1.886047482
0
2.460586548
1.847997785
0
0
7.918793678
2.139206409
1.578075171
0.153148547
0
0
11.40689087
1.48969841
0.203030765
2.826808691
0
0
6.886597633
22.79186058
4.296828747
7.040889263
0.534334183
1.639549494
0
3.337640047
10.13355923
6.656772614
2.525781631
5.205915928
7.30214119
1.449505448
0
0
0
2.727448463
21.04331589
2.014454365
1.053010106
3.28927803
4.160179138
9.458667755
0.437514096
3.282327414
0
5.412389278
0
0
4.814406872
1.158511162
4.924723625
4.657781124
0.229200721
0
0
0
0
0
0
0.478682518
2.041980505
0
0
0
0
0
0
0
0
0
0
0
0
0
0
0
0
0
0
0
0
0
0
0
0
0
0
0
0
0
0
0
0
0
0
0
0
0
0
0
0
0
0
0
0
0
0
0
0
0
0
0
0
0
0
0
0
0
0
0
0
0
0
0
0
0
0
0
0
0
0
0
0
0
0
0
0
0
